## htsjdk.samtools.metrics.StringHeader
# CollectOxoGMetrics INPUT=out___/s_RA17_22_4_1.bam OUTPUT=out___/s_RA17_22_4_1___OxoG.txt DB_SNP=/ifs/depot/resources/gatk/bundle/2.8/b37/dbsnp_138.b37.vcf TMP_DIR=[/scratch/socci] VALIDATION_STRINGENCY=SILENT REFERENCE_SEQUENCE=/ifs/depot/assemblies/H.sapiens/b37/index/bwa/0.7.12/b37.fasta    MINIMUM_QUALITY_SCORE=20 MINIMUM_MAPPING_QUALITY=30 MINIMUM_INSERT_SIZE=60 MAXIMUM_INSERT_SIZE=600 INCLUDE_NON_PF_READS=true USE_OQ=true CONTEXT_SIZE=1 STOP_AFTER=2147483647 VERBOSITY=INFO QUIET=false COMPRESSION_LEVEL=5 MAX_RECORDS_IN_RAM=500000 CREATE_INDEX=false CREATE_MD5_FILE=false GA4GH_CLIENT_SECRETS=client_secrets.json USE_JDK_DEFLATER=false USE_JDK_INFLATER=false
## htsjdk.samtools.metrics.StringHeader
# Started on: Wed Jan 24 01:34:46 EST 2018

## METRICS CLASS	picard.analysis.CollectOxoGMetrics$CpcgMetrics
SAMPLE_ALIAS	LIBRARY	CONTEXT	TOTAL_SITES	TOTAL_BASES	REF_NONOXO_BASES	REF_OXO_BASES	REF_TOTAL_BASES	ALT_NONOXO_BASES	ALT_OXO_BASES	OXIDATION_ERROR_RATE	OXIDATION_Q	C_REF_REF_BASES	G_REF_REF_BASES	C_REF_ALT_BASES	G_REF_ALT_BASES	C_REF_OXO_ERROR_RATE	C_REF_OXO_Q	G_REF_OXO_ERROR_RATE	G_REF_OXO_Q
s_RA17_22_4_1	s_RA17_22_4_1	CCA	102874359	9960605555	4961284928	4997461715	9958746643	805136	1053776	0.000025	46.027147	4978426978	4980319665	908339	950573	0	100	0.000008	50.753228
s_RA17_22_4_1	s_RA17_22_4_1	ACC	63816676	6127941348	3046316288	3080792778	6127109066	388077	444205	0.000009	50.38135	3064729919	3062379147	393124	439158	0	100	0.000015	48.202627
s_RA17_22_4_1	s_RA17_22_4_1	CCC	72567457	7016558599	3494822139	3520522600	7015344739	511074	702786	0.000027	45.634749	3510124015	3505220724	574914	638946	0	100	0.000018	47.330555
s_RA17_22_4_1	s_RA17_22_4_1	GCA	79855333	7722606429	3847900410	3873541412	7721441822	498900	665707	0.000022	46.655496	3856417869	3865023953	535899	628708	0	100	0.000024	46.253257
s_RA17_22_4_1	s_RA17_22_4_1	TCT	121896768	11684876624	5881917192	5800881265	11682798457	862185	1215982	0.00003	45.1887	5864847936	5817950521	1020380	1057787	0	100	0.000008	51.062806
s_RA17_22_4_1	s_RA17_22_4_1	ACG	11402551	1122433067	559634332	562347018	1121981350	218040	233677	0.000014	48.56007	560207912	561773438	240895	210822	0.000055	42.621195	0	100
s_RA17_22_4_1	s_RA17_22_4_1	CCG	13223093	1314328690	655601039	658329533	1313930572	178827	219291	0.000031	45.116352	658236128	655694444	214319	183799	0.000045	43.443187	0	100
s_RA17_22_4_1	s_RA17_22_4_1	GCC	65655489	6363524338	3179016414	3183791017	6362807431	294673	422234	0.00002	46.979798	3182859471	3179947960	330637	386270	0	100	0.000018	47.548307
s_RA17_22_4_1	s_RA17_22_4_1	GCG	11400399	1124835846	563956895	560562689	1124519584	145499	170763	0.000022	46.48587	561686399	562833185	187688	128574	0.000106	39.761275	0	100
s_RA17_22_4_1	s_RA17_22_4_1	ACT	88864221	8528569551	4257251164	4269778824	8527029988	716047	823516	0.000013	48.99593	4259603222	4267426766	813060	726503	0.000021	46.855919	0	100
s_RA17_22_4_1	s_RA17_22_4_1	TCA	108856567	10467495146	5225727925	5239915911	10465643836	767649	1083661	0.00003	45.201392	5227483926	5238159910	887247	964063	0	100	0.000014	48.44248
s_RA17_22_4_1	s_RA17_22_4_1	CCT	98045697	9439796624	4730072706	4708424945	9438497651	529046	769927	0.000026	45.931601	4725787935	4712709716	638169	660804	0	100	0.000005	52.859812
s_RA17_22_4_1	s_RA17_22_4_1	TCC	85909898	8334643981	4171062155	4162053153	8333115308	660023	868650	0.000025	46.015165	4174074001	4159041307	809850	718823	0.000021	46.741255	0	100
s_RA17_22_4_1	s_RA17_22_4_1	GCT	77323371	7431164738	3730442237	3699792428	7430234665	379459	550614	0.000023	46.376673	3716983430	3713251235	428855	501218	0	100	0.00002	47.077698
s_RA17_22_4_1	s_RA17_22_4_1	TCG	10894145	1076078621	539205115	536599120	1075804235	121756	152630	0.000029	45.422511	538107806	537696429	135053	139333	0	100	0.000008	50.889628
s_RA17_22_4_1	s_RA17_22_4_1	ACA	110616481	10651186119	5279687551	5369695262	10649382813	844125	959181	0.000011	49.664887	5310399257	5338983556	904084	899222	0.000002	57.395636	0	100


