## htsjdk.samtools.metrics.StringHeader
# CollectOxoGMetrics INPUT=out___/s_RA17_22_33_2.bam OUTPUT=out___/s_RA17_22_33_2___OxoG.txt DB_SNP=/ifs/depot/resources/gatk/bundle/2.8/b37/dbsnp_138.b37.vcf TMP_DIR=[/scratch/socci] VALIDATION_STRINGENCY=SILENT REFERENCE_SEQUENCE=/ifs/depot/assemblies/H.sapiens/b37/index/bwa/0.7.12/b37.fasta    MINIMUM_QUALITY_SCORE=20 MINIMUM_MAPPING_QUALITY=30 MINIMUM_INSERT_SIZE=60 MAXIMUM_INSERT_SIZE=600 INCLUDE_NON_PF_READS=true USE_OQ=true CONTEXT_SIZE=1 STOP_AFTER=2147483647 VERBOSITY=INFO QUIET=false COMPRESSION_LEVEL=5 MAX_RECORDS_IN_RAM=500000 CREATE_INDEX=false CREATE_MD5_FILE=false GA4GH_CLIENT_SECRETS=client_secrets.json USE_JDK_DEFLATER=false USE_JDK_INFLATER=false
## htsjdk.samtools.metrics.StringHeader
# Started on: Wed Jan 24 00:00:56 EST 2018

## METRICS CLASS	picard.analysis.CollectOxoGMetrics$CpcgMetrics
SAMPLE_ALIAS	LIBRARY	CONTEXT	TOTAL_SITES	TOTAL_BASES	REF_NONOXO_BASES	REF_OXO_BASES	REF_TOTAL_BASES	ALT_NONOXO_BASES	ALT_OXO_BASES	OXIDATION_ERROR_RATE	OXIDATION_Q	C_REF_REF_BASES	G_REF_REF_BASES	C_REF_ALT_BASES	G_REF_ALT_BASES	C_REF_OXO_ERROR_RATE	C_REF_OXO_Q	G_REF_OXO_ERROR_RATE	G_REF_OXO_Q
s_RA17_22_33_2	s_RA17_22_33_2	CCA	102881658	9690895511	4825335210	4863601410	9688936620	845554	1113337	0.000028	45.585809	4843392990	4845543630	958448	1000443	0	100	0.000009	50.667442
s_RA17_22_33_2	s_RA17_22_33_2	ACC	63819213	5958285115	2959594020	2997784229	5957378249	419634	487232	0.000011	49.451874	2979883234	2977495015	428818	478048	0	100	0.000017	47.787321
s_RA17_22_33_2	s_RA17_22_33_2	CCC	72568334	6811300151	3390145643	3419848622	6809994265	549657	756229	0.00003	45.181586	3407278518	3402715747	621032	684854	0	100	0.000019	47.213992
s_RA17_22_33_2	s_RA17_22_33_2	GCA	79859031	7520763054	3746859336	3772669115	7519528451	532423	702180	0.000023	46.464342	3755311018	3764217433	567184	667419	0	100	0.000026	45.806657
s_RA17_22_33_2	s_RA17_22_33_2	TCT	121902721	11402068171	5737803156	5662098624	11399901780	915166	1251225	0.000029	45.305681	5723478547	5676423233	1062223	1104168	0	100	0.000009	50.494202
s_RA17_22_33_2	s_RA17_22_33_2	ACG	11403117	1094042751	545216050	548354218	1093570268	227220	245263	0.000016	47.827255	546057609	547512659	250101	222382	0.000052	42.856739	0	100
s_RA17_22_33_2	s_RA17_22_33_2	CCG	13222676	1277416429	637082676	639913255	1276995931	189886	230612	0.000032	44.964607	639778563	637217368	224742	195756	0.000044	43.56079	0	100
s_RA17_22_33_2	s_RA17_22_33_2	GCC	65656965	6176064473	3084553937	3090735358	6175289295	323080	452098	0.000021	46.800615	3089095401	3086193894	358134	417044	0	100	0.000019	47.168704
s_RA17_22_33_2	s_RA17_22_33_2	GCG	11400210	1092341570	547753077	544255367	1092008444	154694	178432	0.000022	46.629143	545384064	546624380	196093	137033	0.000109	39.633935	0	100
s_RA17_22_33_2	s_RA17_22_33_2	ACT	88868153	8320117316	4151921452	4166537193	8318458645	762769	895902	0.000016	47.958437	4155589154	4162869491	878117	780554	0.000024	46.234862	0	100
s_RA17_22_33_2	s_RA17_22_33_2	TCA	108863086	10217286568	5098764583	5116632624	10215397207	789911	1099450	0.00003	45.186202	5102576067	5112821140	908952	980409	0	100	0.000014	48.660125
s_RA17_22_33_2	s_RA17_22_33_2	CCT	98048424	9180612121	4600733029	4578493298	9179226327	563352	822442	0.000028	45.49421	4596411544	4582814783	684194	701600	0	100	0.000004	53.727922
s_RA17_22_33_2	s_RA17_22_33_2	TCC	85915142	8115388550	4058935278	4054873509	8113808787	694148	885615	0.000024	46.272154	4064362969	4049445818	835111	744652	0.000022	46.660833	0	100
s_RA17_22_33_2	s_RA17_22_33_2	GCT	77326495	7232135611	3630985482	3600164474	7231149956	408692	576963	0.000023	46.332573	3617612177	3613537779	458966	526689	0	100	0.000019	47.240125
s_RA17_22_33_2	s_RA17_22_33_2	TCG	10894947	1047603848	524915612	522401910	1047317522	128524	157802	0.000028	45.536557	523826908	523490614	140091	146235	0	100	0.000012	49.243839
s_RA17_22_33_2	s_RA17_22_33_2	ACA	110621647	10399210776	5150541612	5246754364	10397295976	885679	1029121	0.000014	48.60324	5184871987	5212423989	958076	956724	0.000001	59.081021	0	100


