## htsjdk.samtools.metrics.StringHeader
# CollectOxoGMetrics INPUT=out___/s_RA17_22_11_1.bam OUTPUT=out___/s_RA17_22_11_1___OxoG.txt DB_SNP=/ifs/depot/resources/gatk/bundle/2.8/b37/dbsnp_138.b37.vcf TMP_DIR=[/scratch/socci] VALIDATION_STRINGENCY=SILENT REFERENCE_SEQUENCE=/ifs/depot/assemblies/H.sapiens/b37/index/bwa/0.7.12/b37.fasta    MINIMUM_QUALITY_SCORE=20 MINIMUM_MAPPING_QUALITY=30 MINIMUM_INSERT_SIZE=60 MAXIMUM_INSERT_SIZE=600 INCLUDE_NON_PF_READS=true USE_OQ=true CONTEXT_SIZE=1 STOP_AFTER=2147483647 VERBOSITY=INFO QUIET=false COMPRESSION_LEVEL=5 MAX_RECORDS_IN_RAM=500000 CREATE_INDEX=false CREATE_MD5_FILE=false GA4GH_CLIENT_SECRETS=client_secrets.json USE_JDK_DEFLATER=false USE_JDK_INFLATER=false
## htsjdk.samtools.metrics.StringHeader
# Started on: Tue Jan 23 16:05:42 EST 2018

## METRICS CLASS	picard.analysis.CollectOxoGMetrics$CpcgMetrics
SAMPLE_ALIAS	LIBRARY	CONTEXT	TOTAL_SITES	TOTAL_BASES	REF_NONOXO_BASES	REF_OXO_BASES	REF_TOTAL_BASES	ALT_NONOXO_BASES	ALT_OXO_BASES	OXIDATION_ERROR_RATE	OXIDATION_Q	C_REF_REF_BASES	G_REF_REF_BASES	C_REF_ALT_BASES	G_REF_ALT_BASES	C_REF_OXO_ERROR_RATE	C_REF_OXO_Q	G_REF_OXO_ERROR_RATE	G_REF_OXO_Q
s_RA17_22_11_1	s_RA17_22_11_1	CCA	102826055	6710485529	3340257831	3368901260	6709159091	571139	755299	0.000027	45.615586	3355879208	3353279883	647920	678518	0	100	0.000009	50.328832
s_RA17_22_11_1	s_RA17_22_11_1	ACC	63790279	4124788504	2048935117	2075258354	4124193471	275856	319177	0.000011	49.787032	2064902938	2059290533	278459	316574	0	100	0.000019	47.242077
s_RA17_22_11_1	s_RA17_22_11_1	CCC	72532060	4731452666	2353936445	2376652019	4730588464	362806	501396	0.000029	45.332626	2369566035	2361022429	409286	454916	0	100	0.00002	47.001853
s_RA17_22_11_1	s_RA17_22_11_1	GCA	79823742	5196653308	2589768775	2606054674	5195823449	351754	478105	0.000024	46.141451	2595528386	2600295063	381007	448852	0	100	0.000026	45.881458
s_RA17_22_11_1	s_RA17_22_11_1	TCT	121848740	7859305577	3952773268	3905075012	7857848280	607238	850059	0.000031	45.100979	3945350226	3912498054	712388	744909	0	100	0.00001	50.076859
s_RA17_22_11_1	s_RA17_22_11_1	ACG	11395167	758758523	378305257	380128139	758433396	157666	167461	0.000013	48.890991	378951994	379481402	173414	151713	0.000058	42.382615	0	100
s_RA17_22_11_1	s_RA17_22_11_1	CCG	13213215	891329410	444321835	446724581	891046416	127529	155465	0.000031	45.03874	446719319	444327097	152990	130004	0.00005	43.02277	0	100
s_RA17_22_11_1	s_RA17_22_11_1	GCC	65626507	4287582213	2141015248	2146056094	4287071342	208076	302795	0.000022	46.557754	2145184311	2141887031	234935	275936	0	100	0.000019	47.142974
s_RA17_22_11_1	s_RA17_22_11_1	GCG	11392747	762889593	382674720	379989463	762664183	103901	121509	0.000023	46.367517	380506506	382157677	135380	90030	0.00012	39.203323	0	100
s_RA17_22_11_1	s_RA17_22_11_1	ACT	88830177	5739200716	2863823591	2874278457	5738102048	508915	589753	0.000014	48.512359	2867700516	2870401532	580573	518095	0.000022	46.585973	0	100
s_RA17_22_11_1	s_RA17_22_11_1	TCA	108812658	7041332006	3513501235	3526540837	7040042072	536301	753633	0.000031	45.105311	3517333756	3522708316	617858	672076	0	100	0.000015	48.205213
s_RA17_22_11_1	s_RA17_22_11_1	CCT	98005657	6359172474	3184000789	3174249195	6358249984	374167	548323	0.000027	45.624622	3185160777	3173089207	453545	468945	0	100	0.000005	52.681322
s_RA17_22_11_1	s_RA17_22_11_1	TCC	85866216	5616998121	2808093498	2807812785	5615906283	473558	618280	0.000026	45.889697	2814523228	2801383055	579759	512079	0.000023	46.348066	0	100
s_RA17_22_11_1	s_RA17_22_11_1	GCT	77292602	5003809685	2511535975	2491611637	5003147612	268660	393413	0.000025	46.032498	2502445275	2500702337	305487	356586	0	100	0.000021	46.879599
s_RA17_22_11_1	s_RA17_22_11_1	TCG	10886766	728589296	364995322	363400445	728395767	86792	106737	0.000027	45.626487	364376104	364019663	95311	98218	0	100	0.000008	50.842003
s_RA17_22_11_1	s_RA17_22_11_1	ACA	110572118	7165436674	3550257340	3613903680	7164161020	596298	679356	0.000012	49.358612	3574085813	3590075207	637506	638148	0.000001	62.108636	0	100


