## htsjdk.samtools.metrics.StringHeader
# picard.analysis.CollectInsertSizeMetrics HISTOGRAM_FILE=out___/s_RA17_22_32_1___INSHist.pdf INPUT=out___/s_RA17_22_32_1.bam OUTPUT=out___/s_RA17_22_32_1___INS.txt TMP_DIR=[/scratch/socci] VALIDATION_STRINGENCY=SILENT REFERENCE_SEQUENCE=/ifs/depot/assemblies/H.sapiens/b37/index/bwa/0.7.12/b37.fasta    DEVIATIONS=10.0 MINIMUM_PCT=0.05 METRIC_ACCUMULATION_LEVEL=[ALL_READS] ASSUME_SORTED=true STOP_AFTER=0 VERBOSITY=INFO QUIET=false COMPRESSION_LEVEL=5 MAX_RECORDS_IN_RAM=500000 CREATE_INDEX=false CREATE_MD5_FILE=false
## htsjdk.samtools.metrics.StringHeader
# Started on: Tue Jan 23 22:51:58 EST 2018

## METRICS CLASS	picard.analysis.InsertSizeMetrics
MEDIAN_INSERT_SIZE	MEDIAN_ABSOLUTE_DEVIATION	MIN_INSERT_SIZE	MAX_INSERT_SIZE	MEAN_INSERT_SIZE	STANDARD_DEVIATION	READ_PAIRS	PAIR_ORIENTATION	WIDTH_OF_10_PERCENT	WIDTH_OF_20_PERCENT	WIDTH_OF_30_PERCENT	WIDTH_OF_40_PERCENT	WIDTH_OF_50_PERCENT	WIDTH_OF_60_PERCENT	WIDTH_OF_70_PERCENT	WIDTH_OF_80_PERCENT	WIDTH_OF_90_PERCENT	WIDTH_OF_99_PERCENT	SAMPLE	LIBRARY	READ_GROUP
409	106	2	246567507	435.286551	165.533376	1082253074	FR	41	83	123	167	213	263	321	403	543	1009			

## HISTOGRAM	java.lang.Integer
insert_size	All_Reads.fr_count
2	4113
3	4104
4	4379
5	4219
6	4314
7	4173
8	4304
9	4295
10	4409
11	4595
12	4512
13	4675
14	4670
15	4808
16	4892
17	4987
18	5060
19	10743
20	9128
21	7264
22	6345
23	5831
24	5719
25	5807
26	5762
27	5605
28	5624
29	5734
30	5625
31	5665
32	5676
33	5776
34	5944
35	6016
36	6051
37	6085
38	6406
39	6449
40	6468
41	6806
42	6880
43	7168
44	7336
45	7510
46	7920
47	8234
48	8378
49	8696
50	9028
51	9909
52	9333
53	9628
54	11287
55	10229
56	10487
57	10419
58	10950
59	11551
60	11730
61	12247
62	12224
63	12929
64	13136
65	13414
66	13720
67	14204
68	14726
69	15335
70	15976
71	16570
72	17164
73	17504
74	18167
75	78405
76	80950
77	83484
78	85342
79	87144
80	88874
81	91053
82	92321
83	94847
84	96477
85	99684
86	102013
87	103253
88	107708
89	111101
90	111982
91	113418
92	114557
93	116601
94	119791
95	122101
96	123754
97	126755
98	129941
99	132817
100	135511
101	137565
102	139334
103	142962
104	146428
105	148248
106	151356
107	155546
108	159394
109	163102
110	166224
111	168039
112	170817
113	174184
114	177736
115	181776
116	184601
117	187840
118	193825
119	197267
120	199900
121	204058
122	207307
123	210485
124	215747
125	218739
126	222808
127	227504
128	232864
129	236871
130	244249
131	250612
132	253716
133	259083
134	264375
135	268884
136	274493
137	280328
138	286471
139	292925
140	299659
141	304058
142	310807
143	316002
144	322090
145	329271
146	333933
147	339590
148	346646
149	354952
150	362627
151	369315
152	376493
153	382890
154	389739
155	398088
156	403761
157	412726
158	419931
159	429051
160	437598
161	444994
162	454108
163	463489
164	472440
165	480601
166	490386
167	499117
168	507748
169	518838
170	529205
171	539381
172	546991
173	558813
174	568127
175	579457
176	590712
177	600286
178	613275
179	625887
180	636393
181	644950
182	660137
183	669829
184	682942
185	694870
186	708082
187	721356
188	734583
189	746867
190	760081
191	772244
192	788089
193	799629
194	813692
195	828017
196	843271
197	858804
198	872308
199	886842
200	903527
201	917095
202	932816
203	948597
204	962069
205	979016
206	995311
207	1013125
208	1030246
209	1046924
210	1063728
211	1079449
212	1096288
213	1114166
214	1132634
215	1147508
216	1164569
217	1184253
218	1203665
219	1222453
220	1238492
221	1257332
222	1275819
223	1293130
224	1313335
225	1330314
226	1352384
227	1370534
228	1388671
229	1410587
230	1430094
231	1448333
232	1468069
233	1485084
234	1510155
235	1527381
236	1548188
237	1569048
238	1586261
239	1608011
240	1629253
241	1650577
242	1670024
243	1689711
244	1707406
245	1731186
246	1751959
247	1774553
248	1792868
249	1810514
250	1835901
251	1857297
252	1874737
253	1898722
254	1919146
255	1939373
256	1959655
257	1980012
258	2000923
259	2020827
260	2042711
261	2063570
262	2082689
263	2098860
264	2119967
265	2141478
266	2157112
267	2178338
268	2196106
269	2215308
270	2237065
271	2255079
272	2274439
273	2294024
274	2312737
275	2324359
276	2346775
277	2364299
278	2378771
279	2398047
280	2415156
281	2432761
282	2450071
283	2462666
284	2479856
285	2498357
286	2509631
287	2524077
288	2541454
289	2556287
290	2570524
291	2585581
292	2597355
293	2615667
294	2630674
295	2641076
296	2652617
297	2663429
298	2680092
299	2691487
300	2704187
301	2714848
302	2728426
303	2740260
304	2751695
305	2759709
306	2771990
307	2784797
308	2792208
309	2798778
310	2810617
311	2819912
312	2827729
313	2837551
314	2846004
315	2855372
316	2858546
317	2872717
318	2875826
319	2884417
320	2888128
321	2895563
322	2902329
323	2910055
324	2917645
325	2918677
326	2927208
327	2930416
328	2935438
329	2938346
330	2945569
331	2946456
332	2951009
333	2955255
334	2960321
335	2962966
336	2964696
337	2966222
338	2971609
339	2973818
340	2976222
341	2972202
342	2976136
343	2975512
344	2977217
345	2973659
346	2981280
347	2978378
348	2981800
349	2982242
350	2981553
351	2978283
352	2975007
353	2976843
354	2976735
355	2975998
356	2973801
357	2972713
358	2969488
359	2971249
360	2962780
361	2967299
362	2960888
363	2956415
364	2956840
365	2951242
366	2947608
367	2946463
368	2942128
369	2935387
370	2936397
371	2927175
372	2924336
373	2920922
374	2915324
375	2907491
376	2907362
377	2904265
378	2893820
379	2888057
380	2885782
381	2881503
382	2873715
383	2866823
384	2862794
385	2856051
386	2846707
387	2844953
388	2832841
389	2831410
390	2824171
391	2823058
392	2810223
393	2798097
394	2795641
395	2785908
396	2776428
397	2772350
398	2768244
399	2759391
400	2749049
401	2743404
402	2739492
403	2729934
404	2716581
405	2712550
406	2706371
407	2696427
408	2687534
409	2683895
410	2671160
411	2664707
412	2656516
413	2652470
414	2641101
415	2634089
416	2625828
417	2619741
418	2606864
419	2600172
420	2593421
421	2583536
422	2573559
423	2566930
424	2558884
425	2549173
426	2540982
427	2528906
428	2525628
429	2515957
430	2505651
431	2497079
432	2489463
433	2481821
434	2477797
435	2461130
436	2454097
437	2447837
438	2438951
439	2428451
440	2423757
441	2414690
442	2406242
443	2396618
444	2390389
445	2377675
446	2370910
447	2361898
448	2355758
449	2345482
450	2334279
451	2329441
452	2319647
453	2315280
454	2303148
455	2295864
456	2285552
457	2277748
458	2270703
459	2264440
460	2250215
461	2245298
462	2237037
463	2231275
464	2219904
465	2209349
466	2204239
467	2195594
468	2188503
469	2177746
470	2171099
471	2161987
472	2156898
473	2147627
474	2135920
475	2129343
476	2120584
477	2111078
478	2102526
479	2099286
480	2088001
481	2079977
482	2071990
483	2066444
484	2058417
485	2047267
486	2038502
487	2032929
488	2024203
489	2015794
490	2008059
491	2003229
492	1994517
493	1985793
494	1979254
495	1970042
496	1959990
497	1951028
498	1945856
499	1938944
500	1929355
501	1923214
502	1915206
503	1902382
504	1899225
505	1891601
506	1885344
507	1876902
508	1867267
509	1862371
510	1853615
511	1846997
512	1839022
513	1832436
514	1823116
515	1815707
516	1807976
517	1801552
518	1794555
519	1785442
520	1778893
521	1768862
522	1764529
523	1754898
524	1749735
525	1741629
526	1735878
527	1725925
528	1721468
529	1711441
530	1704144
531	1697582
532	1690475
533	1684034
534	1676522
535	1668588
536	1661378
537	1650632
538	1645980
539	1637197
540	1631004
541	1624810
542	1618502
543	1612427
544	1606660
545	1596681
546	1588390
547	1583299
548	1571557
549	1565893
550	1559579
551	1554344
552	1548726
553	1541474
554	1531950
555	1524216
556	1518570
557	1509952
558	1501676
559	1497452
560	1491637
561	1482310
562	1474752
563	1467298
564	1459622
565	1453774
566	1449045
567	1441060
568	1434984
569	1427820
570	1419114
571	1415708
572	1405665
573	1398656
574	1392830
575	1385445
576	1377475
577	1371234
578	1365222
579	1358186
580	1351801
581	1344874
582	1339715
583	1330407
584	1324918
585	1318485
586	1312409
587	1304433
588	1297386
589	1287748
590	1282420
591	1276104
592	1268101
593	1260821
594	1255690
595	1250139
596	1243735
597	1237889
598	1229427
599	1224361
600	1217924
601	1211218
602	1206093
603	1197783
604	1192454
605	1184179
606	1177182
607	1171203
608	1163202
609	1158945
610	1151777
611	1145827
612	1142113
613	1135555
614	1127118
615	1118377
616	1114599
617	1107862
618	1102194
619	1095306
620	1090293
621	1082942
622	1075959
623	1069368
624	1065425
625	1058981
626	1050192
627	1046225
628	1041359
629	1034591
630	1026934
631	1022945
632	1014721
633	1010149
634	1004946
635	999655
636	992202
637	986406
638	983301
639	977723
640	970087
641	963313
642	958938
643	953929
644	946351
645	944830
646	937594
647	931524
648	927193
649	922747
650	915851
651	910710
652	904691
653	896548
654	895795
655	888876
656	883157
657	877904
658	873807
659	869070
660	861724
661	857253
662	853074
663	847561
664	842880
665	838487
666	833840
667	830080
668	822619
669	818561
670	813902
671	808472
672	803251
673	798428
674	794789
675	788746
676	783912
677	779325
678	774776
679	767696
680	766750
681	759203
682	756910
683	751970
684	744603
685	741776
686	737495
687	732287
688	726620
689	722287
690	718969
691	712955
692	709347
693	704712
694	698832
695	697715
696	691917
697	687175
698	682510
699	679228
700	673418
701	670128
702	665755
703	660135
704	658003
705	653527
706	649057
707	644702
708	640613
709	637302
710	631254
711	627492
712	622769
713	619521
714	614594
715	611402
716	606798
717	603556
718	598627
719	595941
720	590610
721	586660
722	582537
723	578008
724	574558
725	569187
726	567310
727	563925
728	559340
729	554559
730	549966
731	548226
732	543509
733	538255
734	535326
735	532179
736	527048
737	525070
738	520212
739	516987
740	513984
741	508181
742	507660
743	502131
744	497702
745	495337
746	491709
747	487834
748	484197
749	479858
750	477624
751	474441
752	470515
753	465931
754	463441
755	460264
756	456776
757	453981
758	450060
759	448521
760	443516
761	441427
762	438101
763	432867
764	431026
765	426776
766	424225
767	421467
768	417471
769	415584
770	412122
771	407976
772	405893
773	402139
774	399335
775	397819
776	393654
777	390039
778	386890
779	385238
780	380914
781	378419
782	377164
783	372606
784	368923
785	366885
786	364642
787	361595
788	359146
789	355371
790	353544
791	348662
792	347054
793	344643
794	342613
795	338677
796	335476
797	333375
798	329904
799	328724
800	325822
801	322800
802	319756
803	316538
804	313685
805	312707
806	309612
807	306304
808	303383
809	302296
810	299750
811	296233
812	293359
813	290918
814	288837
815	285985
816	284036
817	281507
818	279172
819	277115
820	274267
821	272055
822	269318
823	267195
824	264746
825	263162
826	260130
827	258360
828	256007
829	253521
830	251292
831	248579
832	246528
833	245233
834	243358
835	240723
836	238434
837	236195
838	233864
839	231773
840	229961
841	227722
842	225904
843	223960
844	221442
845	219463
846	218434
847	216356
848	214329
849	211521
850	210461
851	208943
852	206572
853	204864
854	202435
855	200507
856	199421
857	196945
858	195620
859	193483
860	191920
861	189191
862	189155
863	186113
864	184123
865	183435
866	180601
867	179493
868	177959
869	176478
870	174543
871	173431
872	171625
873	169833
874	167724
875	167156
876	164610
877	162940
878	161529
879	160759
880	158941
881	157515
882	155479
883	153881
884	151711
885	151017
886	149717
887	148712
888	147557
889	146129
890	143571
891	141749
892	140110
893	139664
894	138184
895	136618
896	135298
897	134131
898	132430
899	130891
900	129625
901	128818
902	127372
903	125465
904	124718
905	122911
906	122906
907	120795
908	119408
909	118530
910	117280
911	115900
912	114738
913	113479
914	113448
915	111602
916	110008
917	108700
918	107754
919	106797
920	105189
921	104479
922	103371
923	102735
924	101142
925	100224
926	99261
927	97714
928	96936
929	96350
930	94822
931	94111
932	93294
933	91898
934	90764
935	90425
936	89252
937	88466
938	87735
939	86141
940	85624
941	84864
942	83644
943	82403
944	81992
945	80359
946	80244
947	79607
948	78298
949	77280
950	76640
951	76266
952	74921
953	73824
954	73694
955	71937
956	71440
957	71115
958	69589
959	69016
960	68094
961	67533
962	67124
963	66462
964	65054
965	64848
966	63884
967	63287
968	62410
969	61131
970	60508
971	60154
972	59506
973	58398
974	58002
975	57212
976	56417
977	55898
978	55416
979	54715
980	54005
981	53484
982	52862
983	52153
984	51374
985	50711
986	50258
987	49861
988	49628
989	48400
990	48227
991	47675
992	47003
993	46317
994	45975
995	45455
996	44735
997	44122
998	43608
999	43412
1000	43031
1001	41814
1002	41659
1003	41341
1004	40886
1005	40278
1006	40113
1007	38813
1008	38589
1009	38486
1010	37535
1011	37000
1012	36609
1013	36132
1014	35676
1015	35046
1016	35236
1017	34552
1018	33834
1019	33513
1020	32896
1021	32720
1022	32153
1023	31604
1024	31568
1025	30676
1026	30463
1027	29896
1028	29529
1029	29307
1030	28909
1031	28482
1032	28075
1033	27818
1034	27126
1035	26797
1036	26854
1037	26613
1038	26068
1039	25815
1040	25292
1041	25075
1042	24651
1043	24273
1044	23694
1045	23856
1046	23478
1047	23055
1048	22569
1049	22582
1050	22267
1051	21814
1052	21679
1053	21360
1054	21050
1055	20724
1056	20393
1057	20037
1058	20061
1059	19607
1060	19416
1061	19098
1062	18921
1063	18684
1064	18244
1065	17867
1066	17827
1067	17531
1068	17546
1069	17056
1070	16741
1071	16644
1072	16497
1073	16265
1074	15734
1075	15758
1076	15817
1077	15080
1078	15078
1079	14824
1080	14533
1081	14539
1082	14009
1083	14005
1084	13931
1085	13555
1086	13327
1087	13149
1088	13155
1089	12869
1090	12640
1091	12460
1092	12323
1093	12276
1094	11850
1095	11827
1096	11569
1097	11448
1098	11399
1099	11136
1100	10833
1101	10566
1102	10808
1103	10626
1104	10211
1105	10235
1106	10109
1107	10002
1108	9659
1109	9693
1110	9734
1111	9369
1112	9246
1113	9331
1114	8997
1115	8827
1116	8709
1117	8454
1118	8541
1119	8705
1120	8340
1121	8206
1122	8141
1123	7908
1124	7908
1125	7639
1126	7665
1127	7343
1128	7366
1129	7218
1130	7323
1131	7179
1132	7080
1133	6821
1134	6868
1135	6730
1136	6545
1137	6461
1138	6499
1139	6395
1140	6359
1141	6211
1142	6053
1143	5972
1144	5961
1145	5774
1146	5674
1147	5826
1148	5514
1149	5505
1150	5356
1151	5351
1152	5395
1153	5206
1154	5290
1155	5029
1156	4988
1157	4948
1158	4739
1159	4729
1160	4849
1161	4685
1162	4527
1163	4523
1164	4508
1165	4464
1166	4382
1167	4208
1168	4198
1169	4007
1170	4031
1171	3981
1172	3765
1173	3707
1174	3786
1175	3553
1176	3532
1177	3425
1178	3344
1179	3395
1180	3316
1181	3331
1182	3103
1183	3072
1184	3047
1185	2953
1186	2950
1187	2869
1188	2663
1189	2763
1190	2648
1191	2515
1192	2538
1193	2412
1194	2331
1195	2208
1196	2174
1197	2219
1198	2150
1199	2015
1200	2001
1201	1967
1202	1959
1203	1888
1204	1886
1205	1788
1206	1745
1207	1786
1208	1558
1209	1675
1210	1567
1211	1595
1212	1519
1213	1491
1214	1510
1215	1447
1216	1397
1217	1379
1218	1296
1219	1299
1220	1252
1221	1366
1222	1278
1223	1221
1224	1248
1225	1093
1226	1136
1227	1189
1228	1090
1229	1133
1230	1113
1231	1085
1232	1007
1233	1032
1234	1012
1235	1000
1236	936
1237	975
1238	966
1239	961
1240	920
1241	904
1242	965
1243	858
1244	866
1245	848
1246	898
1247	863
1248	797
1249	802
1250	751
1251	809
1252	738
1253	759
1254	737
1255	788
1256	720
1257	698
1258	648
1259	684
1260	658
1261	631
1262	667
1263	662
1264	609
1265	563
1266	641
1267	635
1268	582
1269	574
1270	565
1271	555
1272	568
1273	575
1274	559
1275	528
1276	547
1277	518
1278	518
1279	463
1280	483
1281	516
1282	491
1283	521
1284	495
1285	440
1286	430
1287	443
1288	451
1289	468
1290	437
1291	447
1292	432
1293	433
1294	409
1295	411
1296	392
1297	409
1298	376
1299	378
1300	322
1301	360
1302	380
1303	344
1304	344
1305	353
1306	362
1307	375
1308	342
1309	309
1310	328
1311	324
1312	358
1313	297
1314	316
1315	334
1316	289
1317	331
1318	316
1319	291
1320	293
1321	315
1322	276
1323	289
1324	313
1325	268
1326	305
1327	251
1328	268
1329	242
1330	278
1331	264
1332	275
1333	254
1334	257
1335	266
1336	246
1337	226
1338	260
1339	246
1340	267
1341	212
1342	228
1343	218
1344	217
1345	209
1346	200
1347	214
1348	192
1349	209
1350	224
1351	213
1352	205
1353	214
1354	192
1355	208
1356	192
1357	207
1358	192
1359	191
1360	178
1361	205
1362	188
1363	189
1364	195
1365	175
1366	155
1367	194
1368	146
1369	218
1370	167
1371	197
1372	190
1373	217
1374	183
1375	196
1376	174
1377	174
1378	199
1379	178
1380	192
1381	196
1382	188
1383	177
1384	181
1385	202
1386	144
1387	192
1388	167
1389	153
1390	166
1391	144
1392	171
1393	173
1394	170
1395	172
1396	154
1397	150
1398	164
1399	142
1400	159
1401	159
1402	147
1403	141
1404	135
1405	158
1406	173
1407	140
1408	151
1409	143
1410	148
1411	161
1412	134
1413	151
1414	132
1415	165
1416	149
1417	150
1418	154
1419	170
1420	158
1421	152
1422	156
1423	158
1424	153
1425	171
1426	150
1427	138
1428	166
1429	145
1430	142
1431	132
1432	135
1433	174
1434	146
1435	150
1436	150
1437	156
1438	148
1439	139
1440	132
1441	118
1442	143
1443	130
1444	140
1445	129
1446	122
1447	141
1448	116
1449	137
1450	135
1451	135
1452	115
1453	114
1454	118
1455	113
1456	128
1457	125
1458	119
1459	122
1460	110
1461	125
1462	132
1463	113
1464	112
1465	115
1466	111
1467	106
1468	150
1469	126

