## htsjdk.samtools.metrics.StringHeader
# CollectOxoGMetrics INPUT=out___/s_RA17_22_2_1.bam OUTPUT=out___/s_RA17_22_2_1___OxoG.txt DB_SNP=/ifs/depot/resources/gatk/bundle/2.8/b37/dbsnp_138.b37.vcf TMP_DIR=[/scratch/socci] VALIDATION_STRINGENCY=SILENT REFERENCE_SEQUENCE=/ifs/depot/assemblies/H.sapiens/b37/index/bwa/0.7.12/b37.fasta    MINIMUM_QUALITY_SCORE=20 MINIMUM_MAPPING_QUALITY=30 MINIMUM_INSERT_SIZE=60 MAXIMUM_INSERT_SIZE=600 INCLUDE_NON_PF_READS=true USE_OQ=true CONTEXT_SIZE=1 STOP_AFTER=2147483647 VERBOSITY=INFO QUIET=false COMPRESSION_LEVEL=5 MAX_RECORDS_IN_RAM=500000 CREATE_INDEX=false CREATE_MD5_FILE=false GA4GH_CLIENT_SECRETS=client_secrets.json USE_JDK_DEFLATER=false USE_JDK_INFLATER=false
## htsjdk.samtools.metrics.StringHeader
# Started on: Tue Jan 23 18:03:44 EST 2018

## METRICS CLASS	picard.analysis.CollectOxoGMetrics$CpcgMetrics
SAMPLE_ALIAS	LIBRARY	CONTEXT	TOTAL_SITES	TOTAL_BASES	REF_NONOXO_BASES	REF_OXO_BASES	REF_TOTAL_BASES	ALT_NONOXO_BASES	ALT_OXO_BASES	OXIDATION_ERROR_RATE	OXIDATION_Q	C_REF_REF_BASES	G_REF_REF_BASES	C_REF_ALT_BASES	G_REF_ALT_BASES	C_REF_OXO_ERROR_RATE	C_REF_OXO_Q	G_REF_OXO_ERROR_RATE	G_REF_OXO_Q
s_RA17_22_2_1	s_RA17_22_2_1	CCA	102768920	3500290675	1743765199	1755824847	3499590046	306811	393818	0.000025	46.045499	1750594660	1748995386	338591	362038	0	100	0.000014	48.671833
s_RA17_22_2_1	s_RA17_22_2_1	ACC	63752292	2150204101	1068783151	1081100881	2149884032	148552	171517	0.000011	49.714132	1076774487	1073109545	150966	169103	0	100	0.000017	47.600752
s_RA17_22_2_1	s_RA17_22_2_1	CCC	72477037	2468633548	1229456256	1238720566	2468176822	193289	263437	0.000028	45.464413	1236774142	1231402680	217781	238945	0	100	0.000018	47.45975
s_RA17_22_2_1	s_RA17_22_2_1	GCA	79780987	2706177316	1348303477	1357427860	2705731337	187650	258329	0.000026	45.830659	1351586336	1354145001	203694	242285	0	100	0.000028	45.496837
s_RA17_22_2_1	s_RA17_22_2_1	TCT	121784408	4091402329	2059874813	2030768984	4090643797	318141	440391	0.00003	45.246233	2054420168	2036223629	372614	385918	0	100	0.000008	50.887649
s_RA17_22_2_1	s_RA17_22_2_1	ACG	11385357	396507191	197612472	198715052	396327524	86950	92717	0.000015	48.373011	198073954	198253570	94713	84954	0.00005	43.04404	0	100
s_RA17_22_2_1	s_RA17_22_2_1	CCG	13198849	466053412	232472757	233425090	465897847	70744	84821	0.00003	45.199256	233643698	232254149	84032	71533	0.000052	42.870998	0	100
s_RA17_22_2_1	s_RA17_22_2_1	GCC	65585428	2235407091	1116775414	1118360736	2235136150	108992	161949	0.000024	46.254332	1118570902	1116565248	123523	147418	0	100	0.000022	46.656754
s_RA17_22_2_1	s_RA17_22_2_1	GCG	11381773	398256428	199705417	198426218	398131635	57429	67364	0.000025	46.029949	198538537	199593098	74189	50604	0.00012	39.205856	0	100
s_RA17_22_2_1	s_RA17_22_2_1	ACT	88789245	2989111854	1492248767	1496269104	2988517871	276663	317320	0.000014	48.664068	1493736590	1494781281	312229	281754	0.000021	46.877057	0	100
s_RA17_22_2_1	s_RA17_22_2_1	TCA	108754187	3666920570	1830990204	1835260920	3666251124	278935	390511	0.00003	45.167307	1831957452	1834293672	319426	350020	0	100	0.000016	47.838125
s_RA17_22_2_1	s_RA17_22_2_1	CCT	97948713	3313959806	1660658966	1652817121	3313476087	199901	283818	0.000025	45.964973	1660284800	1653191287	236892	246827	0	100	0.000007	51.791503
s_RA17_22_2_1	s_RA17_22_2_1	TCC	85816665	2930019147	1466545924	1462885874	2929431798	257716	329633	0.000025	46.100389	1468195324	1461236474	309164	278185	0.00002	46.948718	0	100
s_RA17_22_2_1	s_RA17_22_2_1	GCT	77250415	2605669446	1308051200	1297261236	2605312436	143529	213481	0.000027	45.711192	1303147378	1302165058	164807	192203	0	100	0.000021	46.75133
s_RA17_22_2_1	s_RA17_22_2_1	TCG	10877377	381054566	191016457	189932537	380948994	47936	57636	0.000025	45.942154	190549851	190399143	52136	53436	0	100	0.000007	51.524008
s_RA17_22_2_1	s_RA17_22_2_1	ACA	110514308	3731787086	1849695195	1881411362	3731106557	318048	362481	0.000012	49.242112	1861614250	1869492307	342411	338118	0.000003	55.128167	0	100


