## htsjdk.samtools.metrics.StringHeader
# picard.analysis.CollectInsertSizeMetrics HISTOGRAM_FILE=out___/s_RA17_22_35_1___INSHist.pdf INPUT=out___/s_RA17_22_35_1.bam OUTPUT=out___/s_RA17_22_35_1___INS.txt TMP_DIR=[/scratch/socci] VALIDATION_STRINGENCY=SILENT REFERENCE_SEQUENCE=/ifs/depot/assemblies/H.sapiens/b37/index/bwa/0.7.12/b37.fasta    DEVIATIONS=10.0 MINIMUM_PCT=0.05 METRIC_ACCUMULATION_LEVEL=[ALL_READS] ASSUME_SORTED=true STOP_AFTER=0 VERBOSITY=INFO QUIET=false COMPRESSION_LEVEL=5 MAX_RECORDS_IN_RAM=500000 CREATE_INDEX=false CREATE_MD5_FILE=false
## htsjdk.samtools.metrics.StringHeader
# Started on: Wed Jan 24 01:01:21 EST 2018

## METRICS CLASS	picard.analysis.InsertSizeMetrics
MEDIAN_INSERT_SIZE	MEDIAN_ABSOLUTE_DEVIATION	MIN_INSERT_SIZE	MAX_INSERT_SIZE	MEAN_INSERT_SIZE	STANDARD_DEVIATION	READ_PAIRS	PAIR_ORIENTATION	WIDTH_OF_10_PERCENT	WIDTH_OF_20_PERCENT	WIDTH_OF_30_PERCENT	WIDTH_OF_40_PERCENT	WIDTH_OF_50_PERCENT	WIDTH_OF_60_PERCENT	WIDTH_OF_70_PERCENT	WIDTH_OF_80_PERCENT	WIDTH_OF_90_PERCENT	WIDTH_OF_99_PERCENT	SAMPLE	LIBRARY	READ_GROUP
403	106	2	247388191	432.619962	171.889767	996878365	FR	41	83	125	167	213	265	325	409	559	1093			

## HISTOGRAM	java.lang.Integer
insert_size	All_Reads.fr_count
2	4246
3	4315
4	4257
5	4338
6	4332
7	4288
8	4529
9	4369
10	4446
11	4645
12	4633
13	4625
14	4848
15	4739
16	4859
17	4887
18	4915
19	6932
20	6727
21	6323
22	5880
23	5680
24	5547
25	5716
26	5580
27	5570
28	5727
29	5834
30	5906
31	5877
32	6074
33	6185
34	6413
35	6452
36	6713
37	6691
38	7124
39	7293
40	7236
41	7505
42	7688
43	8108
44	8005
45	8215
46	8520
47	8625
48	8614
49	9035
50	8983
51	10314
52	9586
53	9628
54	10997
55	10200
56	10463
57	10509
58	11094
59	11518
60	11376
61	11588
62	12259
63	12459
64	12952
65	13595
66	14049
67	14176
68	14682
69	15437
70	15906
71	16477
72	16992
73	17290
74	18224
75	92398
76	94878
77	96653
78	98904
79	101837
80	103396
81	105939
82	107373
83	110062
84	113083
85	115665
86	117497
87	119313
88	122762
89	125057
90	128153
91	130229
92	131947
93	134652
94	137173
95	138774
96	143058
97	145302
98	148345
99	151434
100	153459
101	156759
102	159566
103	162645
104	165499
105	169121
106	171578
107	174849
108	177271
109	182002
110	184790
111	187686
112	191429
113	194208
114	198146
115	202902
116	206381
117	210105
118	214133
119	218955
120	221622
121	225800
122	228971
123	234942
124	238181
125	243581
126	248478
127	253760
128	256999
129	263184
130	268186
131	273533
132	278142
133	282792
134	287557
135	292718
136	298588
137	303690
138	310127
139	314558
140	320630
141	326249
142	333705
143	339727
144	345274
145	352305
146	357964
147	364204
148	370991
149	376729
150	384514
151	391563
152	398396
153	405418
154	412647
155	420032
156	426986
157	434133
158	442364
159	452592
160	456888
161	466140
162	474738
163	483319
164	493097
165	501039
166	511023
167	519514
168	529302
169	537201
170	546814
171	556711
172	566854
173	577368
174	585441
175	597244
176	607305
177	619012
178	630871
179	641336
180	651939
181	664962
182	674165
183	686420
184	697638
185	710057
186	722312
187	735742
188	748122
189	759763
190	772376
191	784119
192	799429
193	811858
194	823925
195	838444
196	854151
197	866803
198	881845
199	896126
200	910358
201	923358
202	938461
203	953957
204	968328
205	986124
206	1000038
207	1015941
208	1032406
209	1048993
210	1064391
211	1079405
212	1097354
213	1111061
214	1129729
215	1145121
216	1162817
217	1182614
218	1199209
219	1216351
220	1231233
221	1249983
222	1268177
223	1285597
224	1303687
225	1320504
226	1339788
227	1358418
228	1377882
229	1396515
230	1414906
231	1432397
232	1451162
233	1470972
234	1489125
235	1508074
236	1526810
237	1545104
238	1565580
239	1583197
240	1602011
241	1623330
242	1643675
243	1662999
244	1682646
245	1699395
246	1720025
247	1738988
248	1759935
249	1779291
250	1797648
251	1815299
252	1834995
253	1853110
254	1871763
255	1890587
256	1907705
257	1926542
258	1946105
259	1965480
260	1981367
261	2003790
262	2019135
263	2035127
264	2054534
265	2070679
266	2087902
267	2107599
268	2124162
269	2140484
270	2156081
271	2173097
272	2191432
273	2206051
274	2220587
275	2238376
276	2254454
277	2267221
278	2283962
279	2298235
280	2314655
281	2327461
282	2344015
283	2358400
284	2372689
285	2386468
286	2397539
287	2411052
288	2426452
289	2438241
290	2447839
291	2462003
292	2473763
293	2484309
294	2495090
295	2505340
296	2516581
297	2522585
298	2536168
299	2549326
300	2558103
301	2565817
302	2577071
303	2583294
304	2593321
305	2603555
306	2611307
307	2616587
308	2627311
309	2632800
310	2640797
311	2648645
312	2650402
313	2662089
314	2665872
315	2670820
316	2673202
317	2682413
318	2687180
319	2695721
320	2697705
321	2701175
322	2707118
323	2711652
324	2712741
325	2715772
326	2717912
327	2723695
328	2725892
329	2728555
330	2726448
331	2730436
332	2729725
333	2736232
334	2737003
335	2734671
336	2737775
337	2737977
338	2740915
339	2739541
340	2739053
341	2737568
342	2734013
343	2739659
344	2736822
345	2735995
346	2737496
347	2733942
348	2729586
349	2731091
350	2728895
351	2728137
352	2727597
353	2721346
354	2718489
355	2721841
356	2715519
357	2712464
358	2712132
359	2706519
360	2702859
361	2700643
362	2694605
363	2690750
364	2687265
365	2680822
366	2679843
367	2674952
368	2668933
369	2664041
370	2661299
371	2657472
372	2653913
373	2645333
374	2641902
375	2636107
376	2629796
377	2624838
378	2619241
379	2617817
380	2607119
381	2601519
382	2594615
383	2589335
384	2583155
385	2577016
386	2572939
387	2562762
388	2558184
389	2552913
390	2545410
391	2541740
392	2529616
393	2522220
394	2521948
395	2512415
396	2500833
397	2497165
398	2490172
399	2480830
400	2473992
401	2469278
402	2460365
403	2452154
404	2444990
405	2441422
406	2431726
407	2425733
408	2416679
409	2411877
410	2399317
411	2392014
412	2384793
413	2377728
414	2370296
415	2362250
416	2355732
417	2346941
418	2342250
419	2331512
420	2324654
421	2315062
422	2307479
423	2300479
424	2293341
425	2284968
426	2276506
427	2268336
428	2260106
429	2251014
430	2244611
431	2236762
432	2226836
433	2218488
434	2211478
435	2203912
436	2193727
437	2186158
438	2178677
439	2173591
440	2166237
441	2156716
442	2149438
443	2141306
444	2131811
445	2126482
446	2116426
447	2109249
448	2101584
449	2094441
450	2086877
451	2073844
452	2067977
453	2059963
454	2053046
455	2046987
456	2036064
457	2029660
458	2019436
459	2012980
460	2004223
461	1995771
462	1987396
463	1982469
464	1974136
465	1965788
466	1959330
467	1952003
468	1942980
469	1933836
470	1926447
471	1918346
472	1911269
473	1904607
474	1896219
475	1889748
476	1881779
477	1870597
478	1865762
479	1856312
480	1850761
481	1843308
482	1833457
483	1828878
484	1819287
485	1812538
486	1802832
487	1799258
488	1790534
489	1781769
490	1773469
491	1766345
492	1759888
493	1751707
494	1744559
495	1737725
496	1731894
497	1722385
498	1715256
499	1707457
500	1704439
501	1693423
502	1685531
503	1675465
504	1671645
505	1663671
506	1659101
507	1649922
508	1643187
509	1635386
510	1627818
511	1622213
512	1616467
513	1608558
514	1600077
515	1591587
516	1585869
517	1578332
518	1570955
519	1566581
520	1558799
521	1552561
522	1544394
523	1537727
524	1530574
525	1526001
526	1517720
527	1511160
528	1503358
529	1496553
530	1490046
531	1484296
532	1477078
533	1471427
534	1463699
535	1457052
536	1451891
537	1440795
538	1436235
539	1430836
540	1422274
541	1416436
542	1409780
543	1401693
544	1397402
545	1393678
546	1385733
547	1378343
548	1373407
549	1365787
550	1357388
551	1353563
552	1348109
553	1343155
554	1333105
555	1327780
556	1320638
557	1312925
558	1309435
559	1301652
560	1295474
561	1289533
562	1283252
563	1277637
564	1270549
565	1265096
566	1257641
567	1253502
568	1244484
569	1240157
570	1232526
571	1227646
572	1221375
573	1217074
574	1211682
575	1202492
576	1196888
577	1192870
578	1186621
579	1181505
580	1173771
581	1165908
582	1162304
583	1154517
584	1149351
585	1143742
586	1137124
587	1131036
588	1127175
589	1120149
590	1114945
591	1108050
592	1101998
593	1097814
594	1089925
595	1086468
596	1080227
597	1074618
598	1066619
599	1062033
600	1059768
601	1052813
602	1046723
603	1041326
604	1034062
605	1029596
606	1024637
607	1019253
608	1012892
609	1008800
610	1001752
611	995694
612	992136
613	985029
614	978859
615	974862
616	969320
617	965514
618	958958
619	952474
620	947829
621	943584
622	935949
623	932119
624	926665
625	922005
626	915716
627	912101
628	906115
629	901048
630	894628
631	891265
632	886723
633	881195
634	876169
635	871316
636	865895
637	862694
638	856782
639	852673
640	846574
641	839871
642	836553
643	832106
644	826461
645	824330
646	818629
647	813600
648	811024
649	803662
650	800562
651	794781
652	790120
653	787695
654	782983
655	777835
656	773834
657	769932
658	764377
659	758943
660	754571
661	751401
662	747671
663	743133
664	739978
665	734083
666	729244
667	724715
668	720818
669	717701
670	712688
671	707969
672	705904
673	699111
674	697138
675	691320
676	688558
677	684568
678	680354
679	675869
680	671081
681	667884
682	663278
683	659784
684	655727
685	651166
686	648551
687	644308
688	640105
689	635704
690	633959
691	628439
692	624736
693	620015
694	617802
695	612664
696	607448
697	605494
698	604159
699	599589
700	595180
701	590194
702	587836
703	584496
704	580749
705	576773
706	572879
707	569780
708	564277
709	561667
710	557593
711	556045
712	553855
713	549239
714	546840
715	542568
716	539262
717	535033
718	530974
719	528197
720	525721
721	521188
722	518651
723	514760
724	509407
725	508589
726	505453
727	501466
728	497882
729	495771
730	491170
731	488230
732	485174
733	482110
734	478327
735	475902
736	472622
737	469624
738	467060
739	461803
740	459186
741	456085
742	453929
743	450591
744	447270
745	444304
746	440605
747	438785
748	436810
749	431942
750	430207
751	427085
752	424465
753	420424
754	418502
755	415570
756	413182
757	409913
758	406502
759	405641
760	403524
761	399496
762	395372
763	393863
764	389537
765	388222
766	385105
767	383410
768	380158
769	377274
770	375792
771	373366
772	368899
773	368529
774	364927
775	362158
776	359850
777	358423
778	354226
779	353085
780	349718
781	347246
782	345262
783	341771
784	339751
785	336945
786	335938
787	331859
788	330359
789	328087
790	326480
791	323392
792	321495
793	317867
794	318008
795	315319
796	313025
797	309410
798	307817
799	305777
800	303691
801	300746
802	299574
803	296535
804	295036
805	292003
806	290686
807	287026
808	286722
809	284432
810	281213
811	280074
812	277662
813	276031
814	273531
815	271340
816	269382
817	267307
818	266116
819	263456
820	261819
821	259048
822	257215
823	255412
824	253120
825	251115
826	249740
827	247789
828	246335
829	243539
830	243600
831	240059
832	238766
833	235779
834	235203
835	233382
836	231213
837	230161
838	228554
839	225849
840	224297
841	222204
842	220888
843	219027
844	217278
845	215600
846	213632
847	211688
848	210783
849	208694
850	207529
851	206149
852	203799
853	202518
854	200593
855	200159
856	197162
857	196454
858	194711
859	193321
860	191883
861	190123
862	189017
863	187336
864	186316
865	183830
866	183073
867	182780
868	180225
869	178860
870	176941
871	175340
872	174027
873	173227
874	171487
875	170295
876	168916
877	167306
878	166763
879	164283
880	164227
881	161816
882	160555
883	159214
884	158125
885	156303
886	155278
887	153705
888	152961
889	151951
890	150558
891	150417
892	147792
893	147274
894	145739
895	144331
896	143772
897	142292
898	140196
899	139640
900	138738
901	137037
902	136345
903	134894
904	134277
905	132811
906	132196
907	130620
908	129980
909	129008
910	126928
911	126597
912	125315
913	123841
914	122888
915	122072
916	121014
917	119751
918	118839
919	117855
920	117332
921	115201
922	115262
923	114406
924	113273
925	111376
926	110701
927	109981
928	108801
929	107767
930	108030
931	106357
932	105609
933	105081
934	104032
935	102675
936	101610
937	100949
938	100195
939	99506
940	98857
941	98194
942	97036
943	96023
944	94780
945	94498
946	93772
947	92673
948	92148
949	90937
950	90315
951	89172
952	88214
953	87974
954	86996
955	86495
956	85782
957	85056
958	84053
959	83428
960	82509
961	81855
962	81568
963	80464
964	79429
965	78826
966	78832
967	77622
968	77021
969	76265
970	75565
971	74920
972	74135
973	73388
974	72832
975	72141
976	71138
977	70790
978	69838
979	68928
980	68700
981	68549
982	67017
983	67155
984	66265
985	65416
986	65344
987	64868
988	63671
989	63141
990	62549
991	61538
992	61708
993	61077
994	59883
995	59986
996	59035
997	58602
998	58243
999	56996
1000	56522
1001	56191
1002	55674
1003	55507
1004	54818
1005	54201
1006	53684
1007	53049
1008	52333
1009	52040
1010	51725
1011	51439
1012	50463
1013	50125
1014	49428
1015	49589
1016	48279
1017	48243
1018	47788
1019	46968
1020	46732
1021	46380
1022	45555
1023	45187
1024	44749
1025	44379
1026	43815
1027	42884
1028	43324
1029	42237
1030	42535
1031	41912
1032	41204
1033	40812
1034	40508
1035	40157
1036	39469
1037	39218
1038	38864
1039	38311
1040	37821
1041	37769
1042	36965
1043	36670
1044	36476
1045	36237
1046	35828
1047	35106
1048	34860
1049	34518
1050	34362
1051	33770
1052	33589
1053	32941
1054	32827
1055	32217
1056	31944
1057	31678
1058	31443
1059	30564
1060	30732
1061	30318
1062	30119
1063	29578
1064	29564
1065	29176
1066	29007
1067	28315
1068	28431
1069	28218
1070	27595
1071	27176
1072	26841
1073	26766
1074	26321
1075	26149
1076	25420
1077	25502
1078	25157
1079	24976
1080	24528
1081	24311
1082	24512
1083	23841
1084	23950
1085	23149
1086	23307
1087	23076
1088	22489
1089	22360
1090	22037
1091	21909
1092	21741
1093	21433
1094	21259
1095	20809
1096	20459
1097	20258
1098	19958
1099	19951
1100	19633
1101	19500
1102	18935
1103	18934
1104	19135
1105	18460
1106	18393
1107	18013
1108	17897
1109	17817
1110	17278
1111	17215
1112	17274
1113	16802
1114	16657
1115	16401
1116	16340
1117	16341
1118	16157
1119	15730
1120	15508
1121	15407
1122	15420
1123	15283
1124	14964
1125	14781
1126	14890
1127	14472
1128	14360
1129	14053
1130	13942
1131	13597
1132	13635
1133	13418
1134	13212
1135	13051
1136	12908
1137	13002
1138	12691
1139	12615
1140	12531
1141	12155
1142	12253
1143	11888
1144	11886
1145	11554
1146	11559
1147	11612
1148	11255
1149	11043
1150	10897
1151	10803
1152	10809
1153	10536
1154	10303
1155	10140
1156	10184
1157	9982
1158	10052
1159	9904
1160	9616
1161	9532
1162	9306
1163	9512
1164	9162
1165	9104
1166	8966
1167	8732
1168	8577
1169	8512
1170	8479
1171	8255
1172	8283
1173	7930
1174	8003
1175	7762
1176	7788
1177	7570
1178	7596
1179	7284
1180	7217
1181	7177
1182	7061
1183	7100
1184	6921
1185	6770
1186	6633
1187	6480
1188	6386
1189	6387
1190	6263
1191	6122
1192	6106
1193	5966
1194	5852
1195	5815
1196	5498
1197	5445
1198	5379
1199	5313
1200	5171
1201	5005
1202	5016
1203	4778
1204	4801
1205	4776
1206	4591
1207	4610
1208	4575
1209	4415
1210	4337
1211	4222
1212	4109
1213	3970
1214	3953
1215	3968
1216	3830
1217	3787
1218	3757
1219	3615
1220	3751
1221	3537
1222	3521
1223	3417
1224	3476
1225	3297
1226	3171
1227	3124
1228	3144
1229	3053
1230	3047
1231	2924
1232	2931
1233	2864
1234	2872
1235	2748
1236	2680
1237	2648
1238	2709
1239	2632
1240	2499
1241	2566
1242	2343
1243	2448
1244	2408
1245	2295
1246	2401
1247	2319
1248	2256
1249	2211
1250	2231
1251	2260
1252	2121
1253	2091
1254	2114
1255	2042
1256	2066
1257	2010
1258	1900
1259	1956
1260	1914
1261	1854
1262	1824
1263	1880
1264	1856
1265	1746
1266	1729
1267	1775
1268	1719
1269	1722
1270	1677
1271	1633
1272	1696
1273	1646
1274	1525
1275	1504
1276	1513
1277	1511
1278	1425
1279	1447
1280	1347
1281	1421
1282	1322
1283	1463
1284	1337
1285	1312
1286	1315
1287	1253
1288	1273
1289	1235
1290	1230
1291	1234
1292	1198
1293	1167
1294	1071
1295	1152
1296	1097
1297	1016
1298	1080
1299	1069
1300	1064
1301	1063
1302	1016
1303	1024
1304	957
1305	1013
1306	947
1307	934
1308	940
1309	933
1310	860
1311	925
1312	863
1313	880
1314	930
1315	881
1316	809
1317	815
1318	820
1319	761
1320	782
1321	779
1322	763
1323	717
1324	631
1325	659
1326	767
1327	748
1328	655
1329	659
1330	672
1331	657
1332	640
1333	644
1334	639
1335	581
1336	588
1337	600
1338	544
1339	551
1340	582
1341	536
1342	561
1343	551
1344	541
1345	492
1346	518
1347	547
1348	498
1349	543
1350	524
1351	448
1352	477
1353	447
1354	464
1355	425
1356	478
1357	448
1358	444
1359	415
1360	402
1361	357
1362	394
1363	381
1364	396
1365	385
1366	413
1367	421
1368	373
1369	382
1370	387
1371	401
1372	378
1373	366
1374	337
1375	365
1376	337
1377	351
1378	365
1379	364
1380	331
1381	357
1382	337
1383	312
1384	303
1385	307
1386	308
1387	308
1388	298
1389	318
1390	290
1391	325
1392	291
1393	291
1394	282
1395	254
1396	296
1397	275
1398	263
1399	260
1400	254
1401	280
1402	273
1403	268
1404	238
1405	249
1406	253
1407	276
1408	220
1409	246
1410	241
1411	212
1412	232
1413	246
1414	210
1415	212
1416	225
1417	188
1418	238
1419	222
1420	206
1421	210
1422	221
1423	204
1424	197
1425	228
1426	215
1427	239
1428	194
1429	210
1430	205
1431	204
1432	194
1433	214
1434	187
1435	179
1436	191
1437	213
1438	205
1439	198
1440	184
1441	195
1442	193
1443	170
1444	178
1445	172
1446	177
1447	162
1448	150
1449	170
1450	165
1451	171
1452	176
1453	159
1454	162
1455	144
1456	150
1457	146
1458	149
1459	137
1460	150
1461	153
1462	141
1463	148

