## htsjdk.samtools.metrics.StringHeader
# CollectOxoGMetrics INPUT=out___/s_RA17_22_32_1.bam OUTPUT=out___/s_RA17_22_32_1___OxoG.txt DB_SNP=/ifs/depot/resources/gatk/bundle/2.8/b37/dbsnp_138.b37.vcf TMP_DIR=[/scratch/socci] VALIDATION_STRINGENCY=SILENT REFERENCE_SEQUENCE=/ifs/depot/assemblies/H.sapiens/b37/index/bwa/0.7.12/b37.fasta    MINIMUM_QUALITY_SCORE=20 MINIMUM_MAPPING_QUALITY=30 MINIMUM_INSERT_SIZE=60 MAXIMUM_INSERT_SIZE=600 INCLUDE_NON_PF_READS=true USE_OQ=true CONTEXT_SIZE=1 STOP_AFTER=2147483647 VERBOSITY=INFO QUIET=false COMPRESSION_LEVEL=5 MAX_RECORDS_IN_RAM=500000 CREATE_INDEX=false CREATE_MD5_FILE=false GA4GH_CLIENT_SECRETS=client_secrets.json USE_JDK_DEFLATER=false USE_JDK_INFLATER=false
## htsjdk.samtools.metrics.StringHeader
# Started on: Tue Jan 23 22:51:59 EST 2018

## METRICS CLASS	picard.analysis.CollectOxoGMetrics$CpcgMetrics
SAMPLE_ALIAS	LIBRARY	CONTEXT	TOTAL_SITES	TOTAL_BASES	REF_NONOXO_BASES	REF_OXO_BASES	REF_TOTAL_BASES	ALT_NONOXO_BASES	ALT_OXO_BASES	OXIDATION_ERROR_RATE	OXIDATION_Q	C_REF_REF_BASES	G_REF_REF_BASES	C_REF_ALT_BASES	G_REF_ALT_BASES	C_REF_OXO_ERROR_RATE	C_REF_OXO_Q	G_REF_OXO_ERROR_RATE	G_REF_OXO_Q
s_RA17_22_32_1	s_RA17_22_32_1	CCA	102870164	9322038199	4639721403	4680643901	9320365304	737774	935121	0.000021	46.742803	4659799498	4660565806	815280	857615	0	100	0.000009	50.432725
s_RA17_22_32_1	s_RA17_22_32_1	ACC	63815087	5743177626	2852795454	2889600831	5742396285	366422	414919	0.000008	50.734374	2873690524	2868705761	370029	411312	0	100	0.000015	48.353326
s_RA17_22_32_1	s_RA17_22_32_1	CCC	72566221	6569638217	3269362038	3299158336	6568520374	480218	637625	0.000024	46.205174	3288262435	3280257939	533696	584147	0	100	0.000016	48.021441
s_RA17_22_32_1	s_RA17_22_32_1	GCA	79852821	7239351566	3606167318	3632108309	7238275627	467529	608410	0.000019	47.108472	3615264098	3623011529	495855	580084	0	100	0.000023	46.392509
s_RA17_22_32_1	s_RA17_22_32_1	TCT	121892716	10975231148	5524771599	5448530386	10973301985	822747	1106416	0.000026	45.876018	5508948297	5464353688	949435	979728	0	100	0.000007	51.581523
s_RA17_22_32_1	s_RA17_22_32_1	ACG	11401818	1050258384	523404191	526457871	1049862062	191271	205051	0.000013	48.820469	524421296	525440766	211147	185175	0.00005	42.995362	0	100
s_RA17_22_32_1	s_RA17_22_32_1	CCG	13222442	1225927034	611264431	614309495	1225573926	161132	191976	0.000025	45.992939	614120146	611453780	188795	164313	0.000039	44.125569	0	100
s_RA17_22_32_1	s_RA17_22_32_1	GCC	65653935	5946798808	2969971271	2976141052	5946112323	288548	397937	0.000018	47.353096	2974902548	2971209775	319618	366867	0	100	0.000016	47.950095
s_RA17_22_32_1	s_RA17_22_32_1	GCG	11399701	1049213062	526288532	522641631	1048930163	131770	151129	0.000018	47.339808	523654089	525276074	166320	116579	0.000096	40.194326	0	100
s_RA17_22_32_1	s_RA17_22_32_1	ACT	88860712	8010036634	3997655817	4010946556	8008602373	670626	763635	0.000012	49.351095	4001591910	4007010463	754914	679347	0.000019	47.188083	0	100
s_RA17_22_32_1	s_RA17_22_32_1	TCA	108851447	9827524689	4903565269	4922280451	9825845720	715214	963755	0.000025	45.970461	4909182305	4916663415	804587	874382	0	100	0.000014	48.556918
s_RA17_22_32_1	s_RA17_22_32_1	CCT	98043321	8846897885	4431945673	4413755493	8845701166	499476	697243	0.000022	46.506372	4430094697	4415606469	589140	607579	0	100	0.000005	53.362079
s_RA17_22_32_1	s_RA17_22_32_1	TCC	85905370	7805531485	3904414263	3899739703	7804153966	607636	769883	0.000021	46.822258	3909230468	3894923498	725827	651692	0.000018	47.36476	0	100
s_RA17_22_32_1	s_RA17_22_32_1	GCT	77321145	6964970975	3497115416	3466982153	6964097569	364615	508791	0.000021	46.840263	3483604543	3480493026	407570	465836	0	100	0.000017	47.736295
s_RA17_22_32_1	s_RA17_22_32_1	TCG	10892619	1002649302	502390097	500018310	1002408407	109766	131129	0.000021	46.714868	501453086	500955321	117922	122973	0	100	0.00001	49.866806
s_RA17_22_32_1	s_RA17_22_32_1	ACA	110611785	10008086687	4956703497	5049713946	10006417443	784990	884254	0.00001	50.035593	4990956038	5015461405	838008	831236	0.000002	56.635643	0	100


