## htsjdk.samtools.metrics.StringHeader
# CollectOxoGMetrics INPUT=out___/s_RA17_22_24_3.bam OUTPUT=out___/s_RA17_22_24_3___OxoG.txt DB_SNP=/ifs/depot/resources/gatk/bundle/2.8/b37/dbsnp_138.b37.vcf TMP_DIR=[/scratch/socci] VALIDATION_STRINGENCY=SILENT REFERENCE_SEQUENCE=/ifs/depot/assemblies/H.sapiens/b37/index/bwa/0.7.12/b37.fasta    MINIMUM_QUALITY_SCORE=20 MINIMUM_MAPPING_QUALITY=30 MINIMUM_INSERT_SIZE=60 MAXIMUM_INSERT_SIZE=600 INCLUDE_NON_PF_READS=true USE_OQ=true CONTEXT_SIZE=1 STOP_AFTER=2147483647 VERBOSITY=INFO QUIET=false COMPRESSION_LEVEL=5 MAX_RECORDS_IN_RAM=500000 CREATE_INDEX=false CREATE_MD5_FILE=false GA4GH_CLIENT_SECRETS=client_secrets.json USE_JDK_DEFLATER=false USE_JDK_INFLATER=false
## htsjdk.samtools.metrics.StringHeader
# Started on: Tue Jan 23 18:32:36 EST 2018

## METRICS CLASS	picard.analysis.CollectOxoGMetrics$CpcgMetrics
SAMPLE_ALIAS	LIBRARY	CONTEXT	TOTAL_SITES	TOTAL_BASES	REF_NONOXO_BASES	REF_OXO_BASES	REF_TOTAL_BASES	ALT_NONOXO_BASES	ALT_OXO_BASES	OXIDATION_ERROR_RATE	OXIDATION_Q	C_REF_REF_BASES	G_REF_REF_BASES	C_REF_ALT_BASES	G_REF_ALT_BASES	C_REF_OXO_ERROR_RATE	C_REF_OXO_Q	G_REF_OXO_ERROR_RATE	G_REF_OXO_Q
s_RA17_22_24_3	s_RA17_22_24_3	CCA	102855904	8357581547	4159824104	4195073532	8354897636	1199726	1484185	0.000034	44.680609	4183257732	4171639904	1333570	1350341	0	100	0.000005	53.0937
s_RA17_22_24_3	s_RA17_22_24_3	ACC	63801624	5080662705	2522676717	2556845854	5079522571	520787	619347	0.000019	47.122197	2545172120	2534350451	546148	593986	0	100	0.00002	47.037029
s_RA17_22_24_3	s_RA17_22_24_3	CCC	72550616	5830333397	2899904256	2928801886	5828706142	692597	934658	0.000042	43.817686	2922028176	2906677966	760956	866299	0	100	0.000038	44.248583
s_RA17_22_24_3	s_RA17_22_24_3	GCA	79837792	6402259400	3190551625	3210112740	6400664365	693727	901308	0.000032	44.891457	3196245621	3204418744	719659	875376	0	100	0.000048	43.187926
s_RA17_22_24_3	s_RA17_22_24_3	TCT	121867894	9598402436	4825393401	4770607456	9596000857	1034657	1366922	0.000035	44.607144	4824218754	4771782103	1172757	1228822	0	100	0.000014	48.412323
s_RA17_22_24_3	s_RA17_22_24_3	ACG	11399731	955277645	476183916	478446508	954630424	313765	333456	0.000021	46.858618	477256664	477373760	350771	296450	0.000114	39.43792	0	100
s_RA17_22_24_3	s_RA17_22_24_3	CCG	13220156	1126921221	561938407	564448548	1126386955	249086	285180	0.000032	44.944585	565561277	560825678	287038	247228	0.000067	41.76292	0	100
s_RA17_22_24_3	s_RA17_22_24_3	GCC	65639145	5283339599	2637862263	2644557228	5282419491	379496	540612	0.00003	45.157699	2644099987	2638319504	423196	496912	0	100	0.000028	45.485002
s_RA17_22_24_3	s_RA17_22_24_3	GCG	11397468	956582655	480055399	476134530	956189929	183007	209719	0.000028	45.540161	476462842	479727087	237617	155109	0.000175	37.563698	0	100
s_RA17_22_24_3	s_RA17_22_24_3	ACT	88846285	7007371879	3498297176	3507059194	7005356370	923701	1091808	0.000024	46.199694	3501457208	3503899162	1088569	926940	0.000046	43.342471	0	100
s_RA17_22_24_3	s_RA17_22_24_3	TCA	108832355	8641767760	4309413136	4330253849	8639666985	880714	1220061	0.000039	44.059586	4315805785	4323861200	1022815	1077960	0	100	0.000012	49.098781
s_RA17_22_24_3	s_RA17_22_24_3	CCT	98022370	7750448754	3884467040	3864255252	7748722292	707164	1019298	0.00004	43.949858	3884342333	3864379959	832840	893622	0	100	0.000017	47.739451
s_RA17_22_24_3	s_RA17_22_24_3	TCC	85898883	7032723478	3512305481	3518161976	7030467457	1005527	1250494	0.000035	44.58016	3527966565	3502500892	1201635	1054386	0.00004	44.02971	0	100
s_RA17_22_24_3	s_RA17_22_24_3	GCT	77304022	6100634422	3064209231	3035177636	6099386867	519184	728371	0.000034	44.648403	3052279879	3047106988	548516	699039	0	100	0.00005	43.037886
s_RA17_22_24_3	s_RA17_22_24_3	TCG	10892630	937237713	469316433	467549323	936865756	170943	201014	0.000032	44.937019	468285913	468579843	183631	188326	0	100	0.00001	50.102876
s_RA17_22_24_3	s_RA17_22_24_3	ACA	110592025	8776375669	4346963010	4427162208	8774125218	1018259	1232192	0.000024	46.130374	4377171341	4396953877	1136487	1113964	0.000006	52.01533	0	100


