## htsjdk.samtools.metrics.StringHeader
# CollectOxoGMetrics INPUT=out___/s_RA17_22_41_3.bam OUTPUT=out___/s_RA17_22_41_3___OxoG.txt DB_SNP=/ifs/depot/resources/gatk/bundle/2.8/b37/dbsnp_138.b37.vcf TMP_DIR=[/scratch/socci] VALIDATION_STRINGENCY=SILENT REFERENCE_SEQUENCE=/ifs/depot/assemblies/H.sapiens/b37/index/bwa/0.7.12/b37.fasta    MINIMUM_QUALITY_SCORE=20 MINIMUM_MAPPING_QUALITY=30 MINIMUM_INSERT_SIZE=60 MAXIMUM_INSERT_SIZE=600 INCLUDE_NON_PF_READS=true USE_OQ=true CONTEXT_SIZE=1 STOP_AFTER=2147483647 VERBOSITY=INFO QUIET=false COMPRESSION_LEVEL=5 MAX_RECORDS_IN_RAM=500000 CREATE_INDEX=false CREATE_MD5_FILE=false GA4GH_CLIENT_SECRETS=client_secrets.json USE_JDK_DEFLATER=false USE_JDK_INFLATER=false
## htsjdk.samtools.metrics.StringHeader
# Started on: Wed Jan 24 02:04:50 EST 2018

## METRICS CLASS	picard.analysis.CollectOxoGMetrics$CpcgMetrics
SAMPLE_ALIAS	LIBRARY	CONTEXT	TOTAL_SITES	TOTAL_BASES	REF_NONOXO_BASES	REF_OXO_BASES	REF_TOTAL_BASES	ALT_NONOXO_BASES	ALT_OXO_BASES	OXIDATION_ERROR_RATE	OXIDATION_Q	C_REF_REF_BASES	G_REF_REF_BASES	C_REF_ALT_BASES	G_REF_ALT_BASES	C_REF_OXO_ERROR_RATE	C_REF_OXO_Q	G_REF_OXO_ERROR_RATE	G_REF_OXO_Q
s_RA17_22_41_3	s_RA17_22_41_3	CCA	102864081	8280300322	4124119021	4154228462	8278347483	880121	1072718	0.000023	46.333966	4141988579	4136358904	963200	989639	0	100	0.000007	51.73589
s_RA17_22_41_3	s_RA17_22_41_3	ACC	63807957	5061314722	2515581145	2544923502	5060504647	381710	428365	0.000009	50.353651	2534436308	2526068339	381246	428829	0	100	0.000019	47.137928
s_RA17_22_41_3	s_RA17_22_41_3	CCC	72558215	5874596705	2925808912	2947587809	5873396721	516982	683002	0.000028	45.488176	2943027177	2930369544	561965	638019	0	100	0.000027	45.72391
s_RA17_22_41_3	s_RA17_22_41_3	GCA	79845282	6364064798	3170101605	3192809502	6362911107	506589	647102	0.000022	46.560181	3177725235	3185185872	520964	632727	0	100	0.000035	44.597732
s_RA17_22_41_3	s_RA17_22_41_3	TCT	121878943	9521446143	4793348405	4726252810	9519601215	778044	1066884	0.00003	45.180456	4784475373	4735125842	899796	945132	0	100	0.000012	49.381724
s_RA17_22_41_3	s_RA17_22_41_3	ACG	11400963	950357936	473721975	476151604	949873579	236277	248080	0.000012	49.058948	474571932	475301647	261077	223280	0.00008	40.953665	0	100
s_RA17_22_41_3	s_RA17_22_41_3	CCG	13221775	1143534778	570279265	572838290	1143117555	190701	226522	0.000031	45.041117	573404079	569713476	223939	193284	0.000051	42.903874	0	100
s_RA17_22_41_3	s_RA17_22_41_3	GCC	65646522	5331145945	2663275016	2667218699	5330493715	272870	379360	0.00002	46.995117	2667658997	2662834718	297673	354557	0	100	0.000022	46.663697
s_RA17_22_41_3	s_RA17_22_41_3	GCG	11398817	976884664	489852584	486715936	976568520	146852	169292	0.000023	46.388204	487057179	489511341	189004	127140	0.000128	38.919714	0	100
s_RA17_22_41_3	s_RA17_22_41_3	ACT	88852279	6945996115	3467116029	3477394805	6944510834	698984	786297	0.000013	49.006556	3470703455	3473807379	798169	687112	0.000032	44.926631	0	100
s_RA17_22_41_3	s_RA17_22_41_3	TCA	108840722	8538210586	4261483957	4275065706	8536549663	701809	959114	0.00003	45.209186	4264669322	4271880341	799149	861774	0	100	0.000014	48.435137
s_RA17_22_41_3	s_RA17_22_41_3	CCT	98032830	7787590652	3902353818	3883976772	7786330590	527040	733022	0.000026	45.775738	3901947799	3884382791	613476	646586	0	100	0.000009	50.347115
s_RA17_22_41_3	s_RA17_22_41_3	TCC	85903876	6938472649	3472947950	3463903050	6936851000	724566	897083	0.000025	46.04432	3478112394	3458738606	864226	757423	0.000029	45.30567	0	100
s_RA17_22_41_3	s_RA17_22_41_3	GCT	77312662	6120430904	3072723384	3046837302	6119560686	365407	504811	0.000023	46.425068	3061674262	3057886424	385600	484618	0	100	0.000033	44.877434
s_RA17_22_41_3	s_RA17_22_41_3	TCG	10893121	923740578	462838105	460617837	923455942	129795	154841	0.000027	45.668116	461876030	461579912	139254	145382	0	100	0.000013	48.709143
s_RA17_22_41_3	s_RA17_22_41_3	ACA	110599183	8669844581	4296024816	4372150658	8668175474	788978	880129	0.000011	49.782499	4323462355	4344713119	837187	831920	0.000002	56.658349	0	100


