## htsjdk.samtools.metrics.StringHeader
# CollectOxoGMetrics INPUT=out___/s_RA17_22_35_1.bam OUTPUT=out___/s_RA17_22_35_1___OxoG.txt DB_SNP=/ifs/depot/resources/gatk/bundle/2.8/b37/dbsnp_138.b37.vcf TMP_DIR=[/scratch/socci] VALIDATION_STRINGENCY=SILENT REFERENCE_SEQUENCE=/ifs/depot/assemblies/H.sapiens/b37/index/bwa/0.7.12/b37.fasta    MINIMUM_QUALITY_SCORE=20 MINIMUM_MAPPING_QUALITY=30 MINIMUM_INSERT_SIZE=60 MAXIMUM_INSERT_SIZE=600 INCLUDE_NON_PF_READS=true USE_OQ=true CONTEXT_SIZE=1 STOP_AFTER=2147483647 VERBOSITY=INFO QUIET=false COMPRESSION_LEVEL=5 MAX_RECORDS_IN_RAM=500000 CREATE_INDEX=false CREATE_MD5_FILE=false GA4GH_CLIENT_SECRETS=client_secrets.json USE_JDK_DEFLATER=false USE_JDK_INFLATER=false
## htsjdk.samtools.metrics.StringHeader
# Started on: Wed Jan 24 01:01:22 EST 2018

## METRICS CLASS	picard.analysis.CollectOxoGMetrics$CpcgMetrics
SAMPLE_ALIAS	LIBRARY	CONTEXT	TOTAL_SITES	TOTAL_BASES	REF_NONOXO_BASES	REF_OXO_BASES	REF_TOTAL_BASES	ALT_NONOXO_BASES	ALT_OXO_BASES	OXIDATION_ERROR_RATE	OXIDATION_Q	C_REF_REF_BASES	G_REF_REF_BASES	C_REF_ALT_BASES	G_REF_ALT_BASES	C_REF_OXO_ERROR_RATE	C_REF_OXO_Q	G_REF_OXO_ERROR_RATE	G_REF_OXO_Q
s_RA17_22_35_1	s_RA17_22_35_1	CCA	102858531	8570054382	4268612844	4299818413	8568431257	695770	927355	0.000027	45.682732	4283367379	4285063878	793485	829640	0	100	0.000008	50.77745
s_RA17_22_35_1	s_RA17_22_35_1	ACC	63808595	5272344262	2620958592	2650653700	5271612292	341763	390207	0.000009	50.367638	2636720328	2634891964	345778	386192	0	100	0.000015	48.117826
s_RA17_22_35_1	s_RA17_22_35_1	CCC	72556862	6035904230	3005453050	3029379395	6034832445	447283	624502	0.000029	45.322321	3019540989	3015291456	510508	561277	0	100	0.000017	47.677821
s_RA17_22_35_1	s_RA17_22_35_1	GCA	79845150	6648202932	3312817741	3334376267	6647194008	434058	574866	0.000021	46.740769	3319882141	3327311867	464109	544815	0	100	0.000024	46.20945
s_RA17_22_35_1	s_RA17_22_35_1	TCT	121881453	10075824897	5070849225	5003157375	10074006600	765209	1053088	0.000029	45.440706	5057265043	5016741557	892457	925840	0	100	0.000008	50.92757
s_RA17_22_35_1	s_RA17_22_35_1	ACG	11400133	965043355	481232117	483426282	964658399	186508	198448	0.000012	49.075425	481693760	482964639	204825	180131	0.000052	42.822689	0	100
s_RA17_22_35_1	s_RA17_22_35_1	CCG	13220010	1129824401	563581135	565898308	1129479443	153802	191156	0.000033	44.806738	565780559	563698884	185859	159099	0.000046	43.350686	0	100
s_RA17_22_35_1	s_RA17_22_35_1	GCC	65646510	5470362841	2732599471	2737133918	5469733389	262484	366968	0.000019	47.189663	2736088482	2733644907	290374	339078	0	100	0.000018	47.469711
s_RA17_22_35_1	s_RA17_22_35_1	GCG	11398070	966474858	484337066	481867955	966205021	125662	144175	0.000019	47.177138	482606536	483598485	161170	108667	0.000109	39.618118	0	100
s_RA17_22_35_1	s_RA17_22_35_1	ACT	88852768	7352084896	3670243970	3680483244	7350727214	632035	725647	0.000013	48.95079	3672151018	3678576196	716517	641165	0.000021	46.815791	0	100
s_RA17_22_35_1	s_RA17_22_35_1	TCA	108842258	9021938468	4503668074	4516676760	9020344834	665342	928292	0.000029	45.354267	4505755393	4514589441	763267	830367	0	100	0.000015	48.378445
s_RA17_22_35_1	s_RA17_22_35_1	CCT	98033247	8128842552	4072902512	4054787661	8127690173	467530	684849	0.000027	45.72931	4069551567	4058138606	567324	585055	0	100	0.000005	53.223969
s_RA17_22_35_1	s_RA17_22_35_1	TCC	85895343	7173658205	3589021125	3583318541	7172339666	578901	739638	0.000022	46.496248	3592779607	3579560059	697618	620921	0.000021	46.839945	0	100
s_RA17_22_35_1	s_RA17_22_35_1	GCT	77314184	6400942890	3212837961	3187290505	6400128466	338735	475689	0.000021	46.696692	3201703036	3198425430	376912	437512	0	100	0.000019	47.198177
s_RA17_22_35_1	s_RA17_22_35_1	TCG	10891661	923879210	462872410	460773076	923645486	104831	128893	0.000026	45.842835	462025307	461620179	115058	118666	0	100	0.000008	50.952607
s_RA17_22_35_1	s_RA17_22_35_1	ACA	110602925	9179264304	4551690068	4626002814	9177692882	736655	834767	0.000011	49.710857	4576552187	4601140695	786675	784747	0.000001	58.738158	0	100


