## htsjdk.samtools.metrics.StringHeader
# CollectOxoGMetrics INPUT=out___/s_RA16_8_7_2.bam OUTPUT=out___/s_RA16_8_7_2___OxoG.txt DB_SNP=/ifs/depot/resources/gatk/bundle/2.8/b37/dbsnp_138.b37.vcf TMP_DIR=[/scratch/socci] VALIDATION_STRINGENCY=SILENT REFERENCE_SEQUENCE=/ifs/depot/assemblies/H.sapiens/b37/index/bwa/0.7.12/b37.fasta    MINIMUM_QUALITY_SCORE=20 MINIMUM_MAPPING_QUALITY=30 MINIMUM_INSERT_SIZE=60 MAXIMUM_INSERT_SIZE=600 INCLUDE_NON_PF_READS=true USE_OQ=true CONTEXT_SIZE=1 STOP_AFTER=2147483647 VERBOSITY=INFO QUIET=false COMPRESSION_LEVEL=5 MAX_RECORDS_IN_RAM=500000 CREATE_INDEX=false CREATE_MD5_FILE=false GA4GH_CLIENT_SECRETS=client_secrets.json USE_JDK_DEFLATER=false USE_JDK_INFLATER=false
## htsjdk.samtools.metrics.StringHeader
# Started on: Tue Jan 23 10:06:15 EST 2018

## METRICS CLASS	picard.analysis.CollectOxoGMetrics$CpcgMetrics
SAMPLE_ALIAS	LIBRARY	CONTEXT	TOTAL_SITES	TOTAL_BASES	REF_NONOXO_BASES	REF_OXO_BASES	REF_TOTAL_BASES	ALT_NONOXO_BASES	ALT_OXO_BASES	OXIDATION_ERROR_RATE	OXIDATION_Q	C_REF_REF_BASES	G_REF_REF_BASES	C_REF_ALT_BASES	G_REF_ALT_BASES	C_REF_OXO_ERROR_RATE	C_REF_OXO_Q	G_REF_OXO_ERROR_RATE	G_REF_OXO_Q
s_RA16_8_7_2	s_RA16_8_7_2	CCA	102183546	866180618	431284433	434742688	866027121	64381	89116	0.000029	45.442965	432646417	433380704	74775	78722	0	100	0.000009	50.549497
s_RA16_8_7_2	s_RA16_8_7_2	ACC	63415853	533465512	265056726	268335862	533392588	34338	38586	0.000008	50.989218	266904675	266487913	33572	39352	0	100	0.000022	46.599474
s_RA16_8_7_2	s_RA16_8_7_2	CCC	72027179	618061531	307586392	310363413	617949805	46304	65422	0.000031	45.095893	309321805	308628000	53345	58381	0	100	0.000017	47.773087
s_RA16_8_7_2	s_RA16_8_7_2	GCA	79376520	670967786	334268479	336603215	670871694	41484	54608	0.00002	47.086354	335146743	335724951	45643	50449	0	100	0.000014	48.51499
s_RA16_8_7_2	s_RA16_8_7_2	TCT	121152250	1007557760	507257000	500119518	1007376518	75261	105981	0.00003	45.158487	505475902	501900616	90421	90821	0	100	0.000002	56.839254
s_RA16_8_7_2	s_RA16_8_7_2	ACG	11303841	98650897	49171262	49442516	98613778	18096	19023	0.000009	50.270213	49252539	49361239	18861	18258	0.000013	48.844051	0	100
s_RA16_8_7_2	s_RA16_8_7_2	CCG	13095696	118130942	58916336	59180436	118096772	15048	19122	0.000034	44.623426	59165638	58931134	17370	16800	0.000008	50.706251	0	100
s_RA16_8_7_2	s_RA16_8_7_2	GCC	65243330	560857082	280122688	280672130	560794818	26333	35931	0.000017	47.666715	280557626	280237192	31533	30731	0.000003	55.634019	0	100
s_RA16_8_7_2	s_RA16_8_7_2	GCG	11298795	101532612	50919770	50586510	101506280	12306	14026	0.000017	47.710771	50691020	50815260	14759	11573	0.000063	41.980706	0	100
s_RA16_8_7_2	s_RA16_8_7_2	ACT	88347070	735579573	367198959	368247676	735446635	62300	70638	0.000011	49.455678	367522760	367923875	72814	60124	0.000035	44.597421	0	100
s_RA16_8_7_2	s_RA16_8_7_2	TCA	108183508	902413062	450419859	451831835	902251694	66056	95312	0.000032	44.891904	450838924	451412770	77518	83850	0	100	0.000014	48.600089
s_RA16_8_7_2	s_RA16_8_7_2	CCT	97435370	823868109	412833677	410919609	823753286	45120	69703	0.00003	45.252228	412513358	411239928	56033	58790	0	100	0.000007	51.473526
s_RA16_8_7_2	s_RA16_8_7_2	TCC	85287212	723383605	361835772	361421351	723257123	54113	72369	0.000025	45.97963	361964788	361292335	66741	59741	0.000019	47.206742	0	100
s_RA16_8_7_2	s_RA16_8_7_2	GCT	76866041	648158648	325452108	322624961	648077069	33922	47657	0.000021	46.738527	324122932	323954137	39531	42048	0	100	0.000008	51.06172
s_RA16_8_7_2	s_RA16_8_7_2	TCG	10791670	94358597	47281769	47054166	94335935	10028	12634	0.000028	45.588071	47193303	47142632	11637	11025	0.000013	48.958293	0	100
s_RA16_8_7_2	s_RA16_8_7_2	ACA	109932073	917270703	454401997	462706906	917108903	76385	85415	0.00001	50.068098	457546325	459562578	81721	80079	0.000004	53.610084	0	100


