## htsjdk.samtools.metrics.StringHeader
# CollectOxoGMetrics INPUT=out___/s_RA17_22_6_2.bam OUTPUT=out___/s_RA17_22_6_2___OxoG.txt DB_SNP=/ifs/depot/resources/gatk/bundle/2.8/b37/dbsnp_138.b37.vcf TMP_DIR=[/scratch/socci] VALIDATION_STRINGENCY=SILENT REFERENCE_SEQUENCE=/ifs/depot/assemblies/H.sapiens/b37/index/bwa/0.7.12/b37.fasta    MINIMUM_QUALITY_SCORE=20 MINIMUM_MAPPING_QUALITY=30 MINIMUM_INSERT_SIZE=60 MAXIMUM_INSERT_SIZE=600 INCLUDE_NON_PF_READS=true USE_OQ=true CONTEXT_SIZE=1 STOP_AFTER=2147483647 VERBOSITY=INFO QUIET=false COMPRESSION_LEVEL=5 MAX_RECORDS_IN_RAM=500000 CREATE_INDEX=false CREATE_MD5_FILE=false GA4GH_CLIENT_SECRETS=client_secrets.json USE_JDK_DEFLATER=false USE_JDK_INFLATER=false
## htsjdk.samtools.metrics.StringHeader
# Started on: Wed Jan 24 03:53:49 EST 2018

## METRICS CLASS	picard.analysis.CollectOxoGMetrics$CpcgMetrics
SAMPLE_ALIAS	LIBRARY	CONTEXT	TOTAL_SITES	TOTAL_BASES	REF_NONOXO_BASES	REF_OXO_BASES	REF_TOTAL_BASES	ALT_NONOXO_BASES	ALT_OXO_BASES	OXIDATION_ERROR_RATE	OXIDATION_Q	C_REF_REF_BASES	G_REF_REF_BASES	C_REF_ALT_BASES	G_REF_ALT_BASES	C_REF_OXO_ERROR_RATE	C_REF_OXO_Q	G_REF_OXO_ERROR_RATE	G_REF_OXO_Q
s_RA17_22_6_2	s_RA17_22_6_2	CCA	102884991	11117064448	5534814734	5580261608	11115076342	845975	1142131	0.000027	45.744696	5555513523	5559562819	971735	1016371	0	100	0.000008	51.024573
s_RA17_22_6_2	s_RA17_22_6_2	ACC	63822791	6845885224	3402847127	3442163554	6845010681	410996	463547	0.000008	51.148486	3423104506	3421906175	412523	462020	0	100	0.000015	48.385349
s_RA17_22_6_2	s_RA17_22_6_2	CCC	72577942	7857633631	3912482101	3943842615	7856324716	542052	766863	0.000029	45.434742	3930181081	3926143635	621121	687794	0	100	0.000017	47.660244
s_RA17_22_6_2	s_RA17_22_6_2	GCA	79861897	8626682928	4297791299	4327651466	8625442765	522486	717677	0.000023	46.45384	4307764925	4317677840	572715	667448	0	100	0.000022	46.649581
s_RA17_22_6_2	s_RA17_22_6_2	TCT	121905902	13031573907	6560561906	6468768136	13029330042	927062	1316803	0.00003	45.242208	6540078429	6489251613	1102167	1141698	0	100	0.000007	51.302299
s_RA17_22_6_2	s_RA17_22_6_2	ACG	11404366	1253653642	625017631	628168617	1253186248	226645	240749	0.000011	49.488353	625683718	627502530	250865	216529	0.000056	42.530625	0	100
s_RA17_22_6_2	s_RA17_22_6_2	CCG	13226216	1475135383	735711841	738998290	1474710131	187268	237984	0.000034	44.636869	738600124	736110007	228378	196874	0.000042	43.795734	0	100
s_RA17_22_6_2	s_RA17_22_6_2	GCC	65662860	7126369046	3560002637	3565594350	7125596987	312144	459915	0.000021	46.832791	3564273459	3561323528	357864	414195	0	100	0.000016	47.986806
s_RA17_22_6_2	s_RA17_22_6_2	GCG	11402785	1263923309	633785519	629804933	1263590452	152828	180029	0.000022	46.671359	631295522	632294930	195742	137115	0.000093	40.307614	0	100
s_RA17_22_6_2	s_RA17_22_6_2	ACT	88870958	9510173300	4747658381	4760892902	9508551283	758374	863643	0.000011	49.558879	4749694199	4758857084	857086	764931	0.00002	47.054089	0	100
s_RA17_22_6_2	s_RA17_22_6_2	TCA	108864572	11667700041	5824598424	5841093643	11665692067	828179	1179795	0.00003	45.209166	5826977704	5838714363	960781	1047193	0	100	0.000014	48.397293
s_RA17_22_6_2	s_RA17_22_6_2	CCT	98055440	10550511700	5285841419	5263261289	10549102708	564664	844328	0.000027	45.76637	5281288079	5267814629	691600	717392	0	100	0.000005	52.815242
s_RA17_22_6_2	s_RA17_22_6_2	TCC	85920124	9298379295	4652340221	4644428105	9296768326	689563	921406	0.000025	46.032133	4655843780	4640924546	851402	759567	0.000019	47.168443	0	100
s_RA17_22_6_2	s_RA17_22_6_2	GCT	77330577	8305832663	4169884913	4134944639	8304829552	405662	597449	0.000023	46.36564	4154498701	4150330851	463504	539607	0	100	0.000018	47.341404
s_RA17_22_6_2	s_RA17_22_6_2	TCG	10895639	1199311417	600939096	598085813	1199024909	126162	160346	0.000029	45.451091	599797562	599227347	140969	145539	0	100	0.000008	51.053303
s_RA17_22_6_2	s_RA17_22_6_2	ACA	110626100	11875393629	5885676362	5987806792	11873483154	899886	1010589	0.000009	50.304886	5920472132	5953011022	955794	954681	0.000001	59.710071	0	100


