## htsjdk.samtools.metrics.StringHeader
# CollectOxoGMetrics INPUT=out___/s_RA17_22_39_6.bam OUTPUT=out___/s_RA17_22_39_6___OxoG.txt DB_SNP=/ifs/depot/resources/gatk/bundle/2.8/b37/dbsnp_138.b37.vcf TMP_DIR=[/scratch/socci] VALIDATION_STRINGENCY=SILENT REFERENCE_SEQUENCE=/ifs/depot/assemblies/H.sapiens/b37/index/bwa/0.7.12/b37.fasta    MINIMUM_QUALITY_SCORE=20 MINIMUM_MAPPING_QUALITY=30 MINIMUM_INSERT_SIZE=60 MAXIMUM_INSERT_SIZE=600 INCLUDE_NON_PF_READS=true USE_OQ=true CONTEXT_SIZE=1 STOP_AFTER=2147483647 VERBOSITY=INFO QUIET=false COMPRESSION_LEVEL=5 MAX_RECORDS_IN_RAM=500000 CREATE_INDEX=false CREATE_MD5_FILE=false GA4GH_CLIENT_SECRETS=client_secrets.json USE_JDK_DEFLATER=false USE_JDK_INFLATER=false
## htsjdk.samtools.metrics.StringHeader
# Started on: Wed Jan 24 01:55:57 EST 2018

## METRICS CLASS	picard.analysis.CollectOxoGMetrics$CpcgMetrics
SAMPLE_ALIAS	LIBRARY	CONTEXT	TOTAL_SITES	TOTAL_BASES	REF_NONOXO_BASES	REF_OXO_BASES	REF_TOTAL_BASES	ALT_NONOXO_BASES	ALT_OXO_BASES	OXIDATION_ERROR_RATE	OXIDATION_Q	C_REF_REF_BASES	G_REF_REF_BASES	C_REF_ALT_BASES	G_REF_ALT_BASES	C_REF_OXO_ERROR_RATE	C_REF_OXO_Q	G_REF_OXO_ERROR_RATE	G_REF_OXO_Q
s_RA17_22_39_6	s_RA17_22_39_6	CCA	102904433	11634848769	5792371905	5839104599	11631476504	1541243	1831022	0.000025	46.036938	5825402891	5806073613	1677497	1694768	0	100	0.000004	54.054933
s_RA17_22_39_6	s_RA17_22_39_6	ACC	63828240	7060272564	3509483763	3549470993	7058954756	623912	693896	0.00001	50.038227	3540846129	3518108627	626174	691634	0	100	0.00002	47.046055
s_RA17_22_39_6	s_RA17_22_39_6	CCC	72587439	8216696414	4090006419	4124722530	8214728949	860698	1106767	0.00003	45.236403	4122812290	4091916659	913064	1054401	0	100	0.000036	44.413472
s_RA17_22_39_6	s_RA17_22_39_6	GCA	79869579	8863691512	4416871098	4444906950	8861778048	855236	1058228	0.000023	46.401357	4425683734	4436094314	859321	1054143	0	100	0.000043	43.620799
s_RA17_22_39_6	s_RA17_22_39_6	TCT	121912858	13206451845	6641909671	6561752644	13203662315	1187954	1601576	0.000031	45.041825	6642007438	6561654877	1357423	1432107	0	100	0.000014	48.576518
s_RA17_22_39_6	s_RA17_22_39_6	ACG	11406810	1342508595	669456557	672215836	1341672393	409423	426779	0.000013	48.884674	670877194	670795199	455479	380723	0.000111	39.538086	0	100
s_RA17_22_39_6	s_RA17_22_39_6	CCG	13230447	1623217109	809544753	812968596	1622513349	325653	378107	0.000032	44.90598	815094372	807418977	376928	326832	0.000058	42.395873	0	100
s_RA17_22_39_6	s_RA17_22_39_6	GCC	65668164	7444513146	3718543275	3724965629	7443508904	419878	584364	0.000022	46.557074	3727070709	3716438195	454960	549282	0	100	0.000026	45.896958
s_RA17_22_39_6	s_RA17_22_39_6	GCG	11405109	1379437526	691748084	687182915	1378930999	238694	267833	0.000021	46.752274	686605172	692325827	306428	200099	0.000157	38.036733	0	100
s_RA17_22_39_6	s_RA17_22_39_6	ACT	88877621	9636046513	4810462898	4823192872	9633655770	1129514	1261229	0.000014	48.642637	4817256374	4816399396	1299657	1091086	0.000043	43.641658	0	100
s_RA17_22_39_6	s_RA17_22_39_6	TCA	108873121	11864388390	5921266434	5940550392	11861816826	1107317	1464247	0.00003	45.216623	5927233279	5934583547	1245148	1326416	0	100	0.000013	48.719899
s_RA17_22_39_6	s_RA17_22_39_6	CCT	98063385	10835541690	5427132371	5406361997	10833494368	865673	1181649	0.000029	45.351965	5433753901	5399740467	987148	1060174	0	100	0.000015	48.337833
s_RA17_22_39_6	s_RA17_22_39_6	TCC	85942098	9775714574	4885755352	4887101106	9772856458	1287611	1570505	0.000029	45.385248	4904723905	4868132553	1526271	1331845	0.000038	44.250718	0	100
s_RA17_22_39_6	s_RA17_22_39_6	GCT	77334816	8503587779	4268464733	4233753792	8502218525	578974	790280	0.000025	46.046904	4254047360	4248171165	592122	777132	0	100	0.000044	43.59231
s_RA17_22_39_6	s_RA17_22_39_6	TCG	10899480	1321659691	661817744	659354595	1321172339	224764	262588	0.000029	45.433522	660599825	660572514	238218	249134	0	100	0.000017	47.817857
s_RA17_22_39_6	s_RA17_22_39_6	ACA	110630941	12020406377	5960028322	6057761462	12017789784	1236640	1379953	0.000012	49.236336	5997496397	6020293387	1323663	1292930	0.000006	52.263564	0	100


