## htsjdk.samtools.metrics.StringHeader
# CollectOxoGMetrics INPUT=out___/s_RA17_22_27_2.bam OUTPUT=out___/s_RA17_22_27_2___OxoG.txt DB_SNP=/ifs/depot/resources/gatk/bundle/2.8/b37/dbsnp_138.b37.vcf TMP_DIR=[/scratch/socci] VALIDATION_STRINGENCY=SILENT REFERENCE_SEQUENCE=/ifs/depot/assemblies/H.sapiens/b37/index/bwa/0.7.12/b37.fasta    MINIMUM_QUALITY_SCORE=20 MINIMUM_MAPPING_QUALITY=30 MINIMUM_INSERT_SIZE=60 MAXIMUM_INSERT_SIZE=600 INCLUDE_NON_PF_READS=true USE_OQ=true CONTEXT_SIZE=1 STOP_AFTER=2147483647 VERBOSITY=INFO QUIET=false COMPRESSION_LEVEL=5 MAX_RECORDS_IN_RAM=500000 CREATE_INDEX=false CREATE_MD5_FILE=false GA4GH_CLIENT_SECRETS=client_secrets.json USE_JDK_DEFLATER=false USE_JDK_INFLATER=false
## htsjdk.samtools.metrics.StringHeader
# Started on: Tue Jan 23 20:44:16 EST 2018

## METRICS CLASS	picard.analysis.CollectOxoGMetrics$CpcgMetrics
SAMPLE_ALIAS	LIBRARY	CONTEXT	TOTAL_SITES	TOTAL_BASES	REF_NONOXO_BASES	REF_OXO_BASES	REF_TOTAL_BASES	ALT_NONOXO_BASES	ALT_OXO_BASES	OXIDATION_ERROR_RATE	OXIDATION_Q	C_REF_REF_BASES	G_REF_REF_BASES	C_REF_ALT_BASES	G_REF_ALT_BASES	C_REF_OXO_ERROR_RATE	C_REF_OXO_Q	G_REF_OXO_ERROR_RATE	G_REF_OXO_Q
s_RA17_22_27_2	s_RA17_22_27_2	CCA	102845672	8013757582	3990852110	4021427149	8012279259	636715	841608	0.000026	45.923091	4006525463	4005753796	719714	758609	0	100	0.00001	50.114057
s_RA17_22_27_2	s_RA17_22_27_2	ACC	63801842	4928751952	2449070593	2479012578	4928083171	309847	358934	0.00001	50.017705	2466728740	2461354431	315589	353192	0	100	0.000016	48.082001
s_RA17_22_27_2	s_RA17_22_27_2	CCC	72548313	5674102517	2824446743	2848683613	5673130356	408768	563393	0.000027	45.646175	2840819778	2832310578	461910	510251	0	100	0.000018	47.557186
s_RA17_22_27_2	s_RA17_22_27_2	GCA	79836860	6212480086	3095645548	3115900101	6211545649	395559	538878	0.000023	46.369612	3102753062	3108792587	431597	502840	0	100	0.000023	46.451319
s_RA17_22_27_2	s_RA17_22_27_2	TCT	121868895	9373308404	4717079640	4654559116	9371638756	692014	977634	0.00003	45.161043	4704904412	4666734344	820864	848784	0	100	0.000007	51.303488
s_RA17_22_27_2	s_RA17_22_27_2	ACG	11398678	906598272	451958473	454285012	906243485	171496	183291	0.000013	48.857169	452721037	453522448	189123	165664	0.000052	42.804752	0	100
s_RA17_22_27_2	s_RA17_22_27_2	CCG	13217646	1070820195	534036651	536464475	1070501126	142008	177061	0.000033	44.849914	536492476	534008650	171740	147329	0.000044	43.546028	0	100
s_RA17_22_27_2	s_RA17_22_27_2	GCC	65639568	5141274168	2567958318	2572731068	5140689386	239374	345408	0.000021	46.856256	2572075429	2568613957	270676	314106	0	100	0.000017	47.683803
s_RA17_22_27_2	s_RA17_22_27_2	GCG	11396449	917086285	459975134	456859550	916834684	115869	135732	0.000022	46.643654	457633818	459200866	149040	102561	0.000102	39.902417	0	100
s_RA17_22_27_2	s_RA17_22_27_2	ACT	88843983	6840304029	3414108156	3424960081	6839068237	570422	665370	0.000014	48.575896	3417663647	3421404590	650406	585386	0.000019	47.16585	0	100
s_RA17_22_27_2	s_RA17_22_27_2	TCA	108830875	8396181590	4190579439	4204120108	8394699547	611366	870677	0.000031	45.102609	4194441138	4200258409	709311	772732	0	100	0.000015	48.279855
s_RA17_22_27_2	s_RA17_22_27_2	CCT	98023112	7605272499	3810040343	3794192448	7604232791	421638	618070	0.000026	45.879025	3808794195	3795438596	510926	528782	0	100	0.000005	52.860719
s_RA17_22_27_2	s_RA17_22_27_2	TCC	85883576	6701557116	3352458686	3347889787	6700348473	523441	685202	0.000024	46.173019	3356888930	3343459543	636000	572643	0.000018	47.403588	0	100
s_RA17_22_27_2	s_RA17_22_27_2	GCT	77306363	5986288055	3005098191	2980440388	5985538579	303541	445935	0.000024	46.236659	2993887127	2991651452	346335	403141	0	100	0.000019	47.196528
s_RA17_22_27_2	s_RA17_22_27_2	TCG	10889352	867497363	434688042	432594560	867282602	95431	119330	0.000028	45.598884	433866838	433415764	104956	109805	0	100	0.000011	49.418029
s_RA17_22_27_2	s_RA17_22_27_2	ACA	110592245	8542550100	4232918159	4308181440	8541099599	670330	780171	0.000013	48.908231	4260806060	4280293539	727089	723412	0.000002	57.863705	0	100


